# Preset Configuration File
# layer type, velocity(km/s), radius(km)
0,5.1,3390
0,5.1339999999999995,3389
0,5.167999999999999,3388
0,5.202,3387
0,5.236,3386
0,5.27,3385
0,5.303999999999999,3384
0,5.338,3383
0,5.372,3382
0,5.406,3381
0,5.4399999999999995,3380
0,5.473999999999999,3379
0,5.508,3378
0,5.542,3377
0,5.576,3376
0,5.609999999999999,3375
0,5.644,3374
0,5.678,3373
0,5.712,3372
0,5.7459999999999996,3371
0,5.779999999999999,3370
0,5.814,3369
0,5.848,3368
0,5.882,3367
0,5.9159999999999995,3366
0,5.949999999999999,3365
0,5.984,3364
0,6.018,3363
0,6.052,3362
0,6.085999999999999,3361
0,6.119999999999999,3360
0,6.154,3359
0,6.188,3358
0,6.2219999999999995,3357
0,6.256,3356
0,6.29,3355
0,6.324,3354
0,6.358,3353
0,6.3919999999999995,3352
0,6.426,3351
0,6.46,3350
0,6.494,3349
0,6.528,3348
0,6.561999999999999,3347
0,6.596,3346
0,6.63,3345
0,6.664,3344
0,6.6979999999999995,3343
0,6.731999999999999,3342
0,6.766,3341
1,8.0,3340
1,8.001058823529412,3339
1,8.002117647058823,3338
1,8.003176470588235,3337
1,8.004235294117647,3336
1,8.00529411764706,3335
1,8.00635294117647,3334
1,8.007411764705882,3333
1,8.008470588235294,3332
1,8.009529411764706,3331
1,8.010588235294117,3330
1,8.01164705882353,3329
1,8.012705882352941,3328
1,8.013764705882354,3327
1,8.014823529411764,3326
1,8.015882352941176,3325
1,8.016941176470588,3324
1,8.018,3323
1,8.019058823529411,3322
1,8.020117647058823,3321
1,8.021176470588236,3320
1,8.022235294117648,3319
1,8.023294117647058,3318
1,8.02435294117647,3317
1,8.025411764705883,3316
1,8.026470588235295,3315
1,8.027529411764705,3314
1,8.028588235294118,3313
1,8.02964705882353,3312
1,8.030705882352942,3311
1,8.031764705882352,3310
1,8.032823529411765,3309
1,8.033882352941177,3308
1,8.034941176470587,3307
1,8.036,3306
1,8.037058823529412,3305
1,8.038117647058824,3304
1,8.039176470588234,3303
1,8.040235294117647,3302
1,8.041294117647059,3301
1,8.042352941176471,3300
1,8.043411764705882,3299
1,8.044470588235294,3298
1,8.045529411764706,3297
1,8.046588235294118,3296
1,8.047647058823529,3295
1,8.048705882352941,3294
1,8.049764705882353,3293
1,8.050823529411765,3292
1,8.051882352941176,3291
1,8.052941176470588,3290
1,8.054,3289
1,8.055058823529412,3288
1,8.056117647058823,3287
1,8.057176470588235,3286
1,8.058235294117647,3285
1,8.05929411764706,3284
1,8.06035294117647,3283
1,8.061411764705882,3282
1,8.062470588235294,3281
1,8.063529411764707,3280
1,8.064588235294117,3279
1,8.06564705882353,3278
1,8.066705882352942,3277
1,8.067764705882354,3276
1,8.068823529411764,3275
1,8.069882352941177,3274
1,8.070941176470589,3273
1,8.072,3272
1,8.073058823529411,3271
1,8.074117647058824,3270
1,8.075176470588236,3269
1,8.076235294117646,3268
1,8.077294117647059,3267
1,8.07835294117647,3266
1,8.079411764705883,3265
1,8.080470588235293,3264
1,8.081529411764706,3263
1,8.082588235294118,3262
1,8.08364705882353,3261
1,8.08470588235294,3260
1,8.085764705882353,3259
1,8.086823529411765,3258
1,8.087882352941177,3257
1,8.088941176470588,3256
1,8.09,3255
1,8.091058823529412,3254
1,8.092117647058824,3253
1,8.093176470588235,3252
1,8.094235294117647,3251
1,8.09529411764706,3250
1,8.096352941176471,3249
1,8.097411764705882,3248
1,8.098470588235294,3247
1,8.099529411764706,3246
1,8.100588235294119,3245
1,8.101647058823529,3244
1,8.102705882352941,3243
1,8.103764705882353,3242
1,8.104823529411764,3241
1,8.105882352941176,3240
1,8.106941176470588,3239
1,8.108,3238
1,8.109058823529411,3237
1,8.110117647058823,3236
1,8.111176470588235,3235
1,8.112235294117648,3234
1,8.113294117647058,3233
1,8.11435294117647,3232
1,8.115411764705883,3231
1,8.116470588235295,3230
1,8.117529411764705,3229
1,8.118588235294117,3228
1,8.11964705882353,3227
1,8.120705882352942,3226
1,8.121764705882352,3225
1,8.122823529411765,3224
1,8.123882352941177,3223
1,8.124941176470589,3222
1,8.126,3221
1,8.127058823529412,3220
1,8.128117647058824,3219
1,8.129176470588236,3218
1,8.130235294117647,3217
1,8.131294117647059,3216
1,8.132352941176471,3215
1,8.133411764705883,3214
1,8.134470588235294,3213
1,8.135529411764706,3212
1,8.136588235294118,3211
1,8.137647058823529,3210
1,8.13870588235294,3209
1,8.139764705882353,3208
1,8.140823529411765,3207
1,8.141882352941176,3206
1,8.142941176470588,3205
1,8.144,3204
1,8.145058823529412,3203
1,8.146117647058823,3202
1,8.147176470588235,3201
1,8.148235294117647,3200
1,8.14929411764706,3199
1,8.15035294117647,3198
1,8.151411764705882,3197
1,8.152470588235294,3196
1,8.153529411764707,3195
1,8.154588235294117,3194
1,8.15564705882353,3193
1,8.156705882352941,3192
1,8.157764705882354,3191
1,8.158823529411764,3190
1,8.159882352941176,3189
1,8.160941176470589,3188
1,8.162,3187
1,8.163058823529411,3186
1,8.164117647058823,3185
1,8.165176470588236,3184
1,8.166235294117648,3183
1,8.167294117647058,3182
1,8.16835294117647,3181
1,8.169411764705883,3180
1,8.170470588235295,3179
1,8.171529411764705,3178
1,8.172588235294118,3177
1,8.17364705882353,3176
1,8.17470588235294,3175
1,8.175764705882353,3174
1,8.176823529411765,3173
1,8.177882352941177,3172
1,8.178941176470587,3171
1,8.18,3170
1,8.181058823529412,3169
1,8.182117647058824,3168
1,8.183176470588235,3167
1,8.184235294117647,3166
1,8.185294117647059,3165
1,8.186352941176471,3164
1,8.187411764705882,3163
1,8.188470588235294,3162
1,8.189529411764706,3161
1,8.190588235294118,3160
1,8.191647058823529,3159
1,8.192705882352941,3158
1,8.193764705882353,3157
1,8.194823529411766,3156
1,8.195882352941176,3155
1,8.196941176470588,3154
1,8.198,3153
1,8.199058823529413,3152
1,8.200117647058823,3151
1,8.201176470588235,3150
1,8.202235294117648,3149
1,8.20329411764706,3148
1,8.20435294117647,3147
1,8.205411764705882,3146
1,8.206470588235295,3145
1,8.207529411764707,3144
1,8.208588235294117,3143
1,8.20964705882353,3142
1,8.210705882352942,3141
1,8.211764705882352,3140
1,8.212823529411764,3139
1,8.213882352941177,3138
1,8.214941176470589,3137
1,8.216,3136
1,8.217058823529412,3135
1,8.218117647058824,3134
1,8.219176470588236,3133
1,8.220235294117646,3132
1,8.221294117647059,3131
1,8.22235294117647,3130
1,8.223411764705883,3129
1,8.224470588235294,3128
1,8.225529411764706,3127
1,8.226588235294118,3126
1,8.22764705882353,3125
1,8.22870588235294,3124
1,8.229764705882353,3123
1,8.230823529411765,3122
1,8.231882352941177,3121
1,8.232941176470588,3120
1,8.234,3119
1,8.235058823529412,3118
1,8.236117647058824,3117
1,8.237176470588235,3116
1,8.238235294117647,3115
1,8.23929411764706,3114
1,8.240352941176472,3113
1,8.241411764705882,3112
1,8.242470588235294,3111
1,8.243529411764706,3110
1,8.244588235294117,3109
1,8.245647058823529,3108
1,8.246705882352941,3107
1,8.247764705882354,3106
1,8.248823529411764,3105
1,8.249882352941176,3104
1,8.250941176470588,3103
1,8.252,3102
1,8.253058823529411,3101
1,8.254117647058823,3100
1,8.255176470588236,3099
1,8.256235294117648,3098
1,8.257294117647058,3097
1,8.25835294117647,3096
1,8.259411764705883,3095
1,8.260470588235295,3094
1,8.261529411764705,3093
1,8.262588235294118,3092
1,8.26364705882353,3091
1,8.264705882352942,3090
1,8.265764705882352,3089
1,8.266823529411765,3088
1,8.267882352941177,3087
1,8.26894117647059,3086
1,8.27,3085
1,8.271058823529412,3084
1,8.272117647058824,3083
1,8.273176470588236,3082
1,8.274235294117647,3081
1,8.275294117647059,3080
1,8.276352941176471,3079
1,8.277411764705882,3078
1,8.278470588235294,3077
1,8.279529411764706,3076
1,8.280588235294118,3075
1,8.281647058823529,3074
1,8.282705882352941,3073
1,8.283764705882353,3072
1,8.284823529411765,3071
1,8.285882352941176,3070
1,8.286941176470588,3069
1,8.288,3068
1,8.289058823529412,3067
1,8.290117647058823,3066
1,8.291176470588235,3065
1,8.292235294117647,3064
1,8.29329411764706,3063
1,8.29435294117647,3062
1,8.295411764705882,3061
1,8.296470588235294,3060
1,8.297529411764707,3059
1,8.298588235294117,3058
1,8.29964705882353,3057
1,8.300705882352942,3056
1,8.301764705882354,3055
1,8.302823529411764,3054
1,8.303882352941176,3053
1,8.304941176470589,3052
1,8.306000000000001,3051
1,8.307058823529411,3050
1,8.308117647058824,3049
1,8.309176470588236,3048
1,8.310235294117646,3047
1,8.311294117647058,3046
1,8.31235294117647,3045
1,8.313411764705883,3044
1,8.314470588235293,3043
1,8.315529411764706,3042
1,8.316588235294118,3041
1,8.31764705882353,3040
1,8.31870588235294,3039
1,8.319764705882353,3038
1,8.320823529411765,3037
1,8.321882352941177,3036
1,8.322941176470588,3035
1,8.324,3034
1,8.325058823529412,3033
1,8.326117647058824,3032
1,8.327176470588235,3031
1,8.328235294117647,3030
1,8.32929411764706,3029
1,8.330352941176471,3028
1,8.331411764705882,3027
1,8.332470588235294,3026
1,8.333529411764706,3025
1,8.334588235294119,3024
1,8.335647058823529,3023
1,8.336705882352941,3022
1,8.337764705882353,3021
1,8.338823529411766,3020
1,8.339882352941176,3019
1,8.340941176470588,3018
1,8.342,3017
1,8.343058823529411,3016
1,8.344117647058823,3015
1,8.345176470588235,3014
1,8.346235294117648,3013
1,8.347294117647058,3012
1,8.34835294117647,3011
1,8.349411764705883,3010
1,8.350470588235295,3009
1,8.351529411764705,3008
1,8.352588235294117,3007
1,8.35364705882353,3006
1,8.354705882352942,3005
1,8.355764705882352,3004
1,8.356823529411765,3003
1,8.357882352941177,3002
1,8.358941176470589,3001
1,8.36,3000
1,8.361058823529412,2999
1,8.362117647058824,2998
1,8.363176470588236,2997
1,8.364235294117647,2996
1,8.365294117647059,2995
1,8.366352941176471,2994
1,8.367411764705883,2993
1,8.368470588235294,2992
1,8.369529411764706,2991
1,8.370588235294118,2990
1,8.37164705882353,2989
1,8.37270588235294,2988
1,8.373764705882353,2987
1,8.374823529411765,2986
1,8.375882352941177,2985
1,8.376941176470588,2984
1,8.378,2983
1,8.379058823529412,2982
1,8.380117647058825,2981
1,8.381176470588235,2980
1,8.382235294117647,2979
1,8.38329411764706,2978
1,8.38435294117647,2977
1,8.385411764705882,2976
1,8.386470588235294,2975
1,8.387529411764707,2974
1,8.388588235294117,2973
1,8.38964705882353,2972
1,8.390705882352941,2971
1,8.391764705882354,2970
1,8.392823529411764,2969
1,8.393882352941176,2968
1,8.394941176470589,2967
1,8.396,2966
1,8.397058823529411,2965
1,8.398117647058823,2964
1,8.399176470588236,2963
1,8.400235294117648,2962
1,8.401294117647058,2961
1,8.40235294117647,2960
1,8.403411764705883,2959
1,8.404470588235295,2958
1,8.405529411764705,2957
1,8.406588235294118,2956
1,8.40764705882353,2955
1,8.408705882352942,2954
1,8.409764705882353,2953
1,8.410823529411765,2952
1,8.411882352941177,2951
1,8.41294117647059,2950
1,8.414,2949
1,8.415058823529412,2948
1,8.416117647058824,2947
1,8.417176470588235,2946
1,8.418235294117647,2945
1,8.419294117647059,2944
1,8.420352941176471,2943
1,8.421411764705882,2942
1,8.422470588235294,2941
1,8.423529411764706,2940
1,8.424588235294118,2939
1,8.425647058823529,2938
1,8.426705882352941,2937
1,8.427764705882353,2936
1,8.428823529411765,2935
1,8.429882352941176,2934
1,8.430941176470588,2933
1,8.432,2932
1,8.433058823529413,2931
1,8.434117647058823,2930
1,8.435176470588235,2929
1,8.436235294117647,2928
1,8.43729411764706,2927
1,8.43835294117647,2926
1,8.439411764705882,2925
1,8.440470588235295,2924
1,8.441529411764707,2923
1,8.442588235294117,2922
1,8.44364705882353,2921
1,8.444705882352942,2920
1,8.445764705882354,2919
1,8.446823529411764,2918
1,8.447882352941177,2917
1,8.448941176470589,2916
1,8.45,2915
1,8.451058823529412,2914
1,8.452117647058824,2913
1,8.453176470588236,2912
1,8.454235294117646,2911
1,8.455294117647059,2910
1,8.45635294117647,2909
1,8.457411764705883,2908
1,8.458470588235294,2907
1,8.459529411764706,2906
1,8.460588235294118,2905
1,8.46164705882353,2904
1,8.46270588235294,2903
1,8.463764705882353,2902
1,8.464823529411765,2901
1,8.465882352941177,2900
1,8.466941176470588,2899
1,8.468,2898
1,8.469058823529412,2897
1,8.470117647058824,2896
1,8.471176470588235,2895
1,8.472235294117647,2894
1,8.47329411764706,2893
1,8.474352941176472,2892
1,8.475411764705882,2891
1,8.476470588235294,2890
1,8.477529411764706,2889
1,8.478588235294119,2888
1,8.479647058823529,2887
1,8.480705882352941,2886
1,8.481764705882354,2885
1,8.482823529411764,2884
1,8.483882352941176,2883
1,8.484941176470588,2882
1,8.486,2881
1,8.487058823529411,2880
1,8.488117647058823,2879
1,8.489176470588236,2878
1,8.490235294117648,2877
1,8.491294117647058,2876
1,8.49235294117647,2875
1,8.493411764705883,2874
1,8.494470588235295,2873
1,8.495529411764705,2872
1,8.496588235294118,2871
1,8.49764705882353,2870
1,8.498705882352942,2869
1,8.499764705882352,2868
1,8.500823529411765,2867
1,8.501882352941177,2866
1,8.50294117647059,2865
1,8.504,2864
1,8.505058823529412,2863
1,8.506117647058824,2862
1,8.507176470588236,2861
1,8.508235294117647,2860
1,8.509294117647059,2859
1,8.510352941176471,2858
1,8.511411764705883,2857
1,8.512470588235294,2856
1,8.513529411764706,2855
1,8.514588235294118,2854
1,8.515647058823529,2853
1,8.516705882352941,2852
1,8.517764705882353,2851
1,8.518823529411765,2850
1,8.519882352941178,2849
1,8.520941176470588,2848
1,8.522,2847
1,8.523058823529412,2846
1,8.524117647058823,2845
1,8.525176470588235,2844
1,8.526235294117647,2843
1,8.52729411764706,2842
1,8.52835294117647,2841
1,8.529411764705882,2840
1,8.530470588235294,2839
1,8.531529411764707,2838
1,8.532588235294117,2837
1,8.53364705882353,2836
1,8.534705882352942,2835
1,8.535764705882354,2834
1,8.536823529411764,2833
1,8.537882352941176,2832
1,8.538941176470589,2831
1,8.540000000000001,2830
1,8.541058823529411,2829
1,8.542117647058824,2828
1,8.543176470588236,2827
1,8.544235294117648,2826
1,8.545294117647058,2825
1,8.54635294117647,2824
1,8.547411764705883,2823
1,8.548470588235293,2822
1,8.549529411764706,2821
1,8.550588235294118,2820
1,8.55164705882353,2819
1,8.552705882352942,2818
1,8.553764705882353,2817
1,8.554823529411765,2816
1,8.555882352941177,2815
1,8.556941176470588,2814
1,8.558,2813
1,8.559058823529412,2812
1,8.560117647058824,2811
1,8.561176470588235,2810
1,8.562235294117647,2809
1,8.56329411764706,2808
1,8.564352941176471,2807
1,8.565411764705882,2806
1,8.566470588235294,2805
1,8.567529411764706,2804
1,8.568588235294119,2803
1,8.569647058823529,2802
1,8.570705882352941,2801
1,8.571764705882353,2800
1,8.572823529411766,2799
1,8.573882352941176,2798
1,8.574941176470588,2797
1,8.576,2796
1,8.577058823529413,2795
1,8.578117647058823,2794
1,8.579176470588235,2793
1,8.580235294117648,2792
1,8.581294117647058,2791
1,8.58235294117647,2790
1,8.583411764705883,2789
1,8.584470588235295,2788
1,8.585529411764707,2787
1,8.586588235294117,2786
1,8.58764705882353,2785
1,8.588705882352942,2784
1,8.589764705882352,2783
1,8.590823529411765,2782
1,8.591882352941177,2781
1,8.592941176470589,2780
1,8.594,2779
1,8.595058823529412,2778
1,8.596117647058824,2777
1,8.597176470588236,2776
1,8.598235294117647,2775
1,8.599294117647059,2774
1,8.600352941176471,2773
1,8.601411764705883,2772
1,8.602470588235294,2771
1,8.603529411764706,2770
1,8.604588235294118,2769
1,8.60564705882353,2768
1,8.60670588235294,2767
1,8.607764705882353,2766
1,8.608823529411765,2765
1,8.609882352941177,2764
1,8.610941176470588,2763
1,8.612,2762
1,8.613058823529412,2761
1,8.614117647058825,2760
1,8.615176470588235,2759
1,8.616235294117647,2758
1,8.61729411764706,2757
1,8.618352941176472,2756
1,8.619411764705882,2755
1,8.620470588235294,2754
1,8.621529411764707,2753
1,8.622588235294117,2752
1,8.62364705882353,2751
1,8.624705882352941,2750
1,8.625764705882354,2749
1,8.626823529411764,2748
1,8.627882352941176,2747
1,8.628941176470589,2746
1,8.63,2745
1,8.631058823529411,2744
1,8.632117647058823,2743
1,8.633176470588236,2742
1,8.634235294117648,2741
1,8.635294117647058,2740
1,8.63635294117647,2739
1,8.637411764705883,2738
1,8.638470588235295,2737
1,8.639529411764705,2736
1,8.640588235294118,2735
1,8.64164705882353,2734
1,8.642705882352942,2733
1,8.643764705882353,2732
1,8.644823529411765,2731
1,8.645882352941177,2730
1,8.64694117647059,2729
1,8.648,2728
1,8.649058823529412,2727
1,8.650117647058824,2726
1,8.651176470588236,2725
1,8.652235294117647,2724
1,8.653294117647059,2723
1,8.654352941176471,2722
1,8.655411764705882,2721
1,8.656470588235294,2720
1,8.657529411764706,2719
1,8.658588235294118,2718
1,8.659647058823529,2717
1,8.660705882352941,2716
1,8.661764705882353,2715
1,8.662823529411765,2714
1,8.663882352941176,2713
1,8.664941176470588,2712
1,8.666,2711
1,8.667058823529413,2710
1,8.668117647058823,2709
1,8.669176470588235,2708
1,8.670235294117647,2707
1,8.67129411764706,2706
1,8.67235294117647,2705
1,8.673411764705882,2704
1,8.674470588235295,2703
1,8.675529411764707,2702
1,8.676588235294117,2701
1,8.67764705882353,2700
1,8.678705882352942,2699
1,8.679764705882354,2698
1,8.680823529411764,2697
1,8.681882352941177,2696
1,8.682941176470589,2695
1,8.684000000000001,2694
1,8.685058823529411,2693
1,8.686117647058824,2692
1,8.687176470588236,2691
1,8.688235294117646,2690
1,8.689294117647059,2689
1,8.69035294117647,2688
1,8.691411764705883,2687
1,8.692470588235295,2686
1,8.693529411764706,2685
1,8.694588235294118,2684
1,8.69564705882353,2683
1,8.69670588235294,2682
1,8.697764705882353,2681
1,8.698823529411765,2680
1,8.699882352941177,2679
1,8.700941176470588,2678
1,8.702,2677
1,8.703058823529412,2676
1,8.704117647058824,2675
1,8.705176470588235,2674
1,8.706235294117647,2673
1,8.70729411764706,2672
1,8.708352941176472,2671
1,8.709411764705882,2670
1,8.710470588235294,2669
1,8.711529411764706,2668
1,8.712588235294119,2667
1,8.713647058823529,2666
1,8.714705882352941,2665
1,8.715764705882354,2664
1,8.716823529411766,2663
1,8.717882352941176,2662
1,8.718941176470588,2661
1,8.72,2660
1,8.721058823529411,2659
1,8.722117647058823,2658
1,8.723176470588236,2657
1,8.724235294117648,2656
1,8.72529411764706,2655
1,8.72635294117647,2654
1,8.727411764705883,2653
1,8.728470588235295,2652
1,8.729529411764705,2651
1,8.730588235294118,2650
1,8.73164705882353,2649
1,8.732705882352942,2648
1,8.733764705882352,2647
1,8.734823529411765,2646
1,8.735882352941177,2645
1,8.736941176470589,2644
1,8.738,2643
1,8.739058823529412,2642
1,8.740117647058824,2641
1,8.741176470588236,2640
1,8.742235294117647,2639
1,8.743294117647059,2638
1,8.744352941176471,2637
1,8.745411764705883,2636
1,8.746470588235294,2635
1,8.747529411764706,2634
1,8.748588235294118,2633
1,8.74964705882353,2632
1,8.750705882352941,2631
1,8.751764705882353,2630
1,8.752823529411765,2629
1,8.753882352941176,2628
1,8.754941176470588,2627
1,8.756,2626
1,8.757058823529412,2625
1,8.758117647058825,2624
1,8.759176470588235,2623
1,8.760235294117647,2622
1,8.76129411764706,2621
1,8.76235294117647,2620
1,8.763411764705882,2619
1,8.764470588235294,2618
1,8.765529411764707,2617
1,8.766588235294117,2616
1,8.76764705882353,2615
1,8.768705882352942,2614
1,8.769764705882354,2613
1,8.770823529411764,2612
1,8.771882352941176,2611
1,8.772941176470589,2610
1,8.774000000000001,2609
1,8.775058823529411,2608
1,8.776117647058824,2607
1,8.777176470588236,2606
1,8.778235294117648,2605
1,8.779294117647058,2604
1,8.78035294117647,2603
1,8.781411764705883,2602
1,8.782470588235295,2601
1,8.783529411764706,2600
1,8.784588235294118,2599
1,8.78564705882353,2598
1,8.786705882352942,2597
1,8.787764705882353,2596
1,8.788823529411765,2595
1,8.789882352941177,2594
1,8.79094117647059,2593
1,8.792,2592
1,8.793058823529412,2591
1,8.794117647058824,2590
1,8.795176470588235,2589
1,8.796235294117647,2588
1,8.79729411764706,2587
1,8.798352941176471,2586
1,8.799411764705882,2585
1,8.800470588235294,2584
1,8.801529411764706,2583
1,8.802588235294118,2582
1,8.803647058823529,2581
1,8.804705882352941,2580
1,8.805764705882353,2579
1,8.806823529411766,2578
1,8.807882352941176,2577
1,8.808941176470588,2576
1,8.81,2575
1,8.811058823529413,2574
1,8.812117647058823,2573
1,8.813176470588235,2572
1,8.814235294117648,2571
1,8.81529411764706,2570
1,8.81635294117647,2569
1,8.817411764705883,2568
1,8.818470588235295,2567
1,8.819529411764707,2566
1,8.820588235294117,2565
1,8.82164705882353,2564
1,8.822705882352942,2563
1,8.823764705882354,2562
1,8.824823529411765,2561
1,8.825882352941177,2560
1,8.826941176470589,2559
1,8.828,2558
1,8.829058823529412,2557
1,8.830117647058824,2556
1,8.831176470588236,2555
1,8.832235294117647,2554
1,8.833294117647059,2553
1,8.834352941176471,2552
1,8.835411764705883,2551
1,8.836470588235294,2550
1,8.837529411764706,2549
1,8.838588235294118,2548
1,8.83964705882353,2547
1,8.84070588235294,2546
1,8.841764705882353,2545
1,8.842823529411765,2544
1,8.843882352941177,2543
1,8.844941176470588,2542
1,8.846,2541
1,8.847058823529412,2540
1,8.848117647058825,2539
1,8.849176470588235,2538
1,8.850235294117647,2537
1,8.85129411764706,2536
1,8.852352941176472,2535
1,8.853411764705882,2534
1,8.854470588235294,2533
1,8.855529411764707,2532
1,8.856588235294119,2531
1,8.85764705882353,2530
1,8.858705882352941,2529
1,8.859764705882354,2528
1,8.860823529411764,2527
1,8.861882352941176,2526
1,8.862941176470589,2525
1,8.864,2524
1,8.865058823529411,2523
1,8.866117647058823,2522
1,8.867176470588236,2521
1,8.868235294117648,2520
1,8.869294117647058,2519
1,8.87035294117647,2518
1,8.871411764705883,2517
1,8.872470588235295,2516
1,8.873529411764705,2515
1,8.874588235294118,2514
1,8.87564705882353,2513
1,8.876705882352942,2512
1,8.877764705882353,2511
1,8.878823529411765,2510
1,8.879882352941177,2509
1,8.88094117647059,2508
1,8.882,2507
1,8.883058823529412,2506
1,8.884117647058824,2505
1,8.885176470588236,2504
1,8.886235294117647,2503
1,8.887294117647059,2502
1,8.888352941176471,2501
1,8.889411764705883,2500
1,8.890470588235294,2499
1,8.891529411764706,2498
1,8.892588235294118,2497
1,8.893647058823529,2496
1,8.894705882352941,2495
1,8.895764705882353,2494
1,8.896823529411765,2493
1,8.897882352941178,2492
1,8.898941176470588,2491
1,8.9,2490
1,8.901058823529413,2489
1,8.902117647058823,2488
1,8.903176470588235,2487
1,8.904235294117647,2486
1,8.90529411764706,2485
1,8.90635294117647,2484
1,8.907411764705882,2483
1,8.908470588235295,2482
1,8.909529411764707,2481
1,8.910588235294117,2480
1,8.91164705882353,2479
1,8.912705882352942,2478
1,8.913764705882354,2477
1,8.914823529411764,2476
1,8.915882352941177,2475
1,8.916941176470589,2474
1,8.918000000000001,2473
1,8.919058823529411,2472
1,8.920117647058824,2471
1,8.921176470588236,2470
1,8.922235294117648,2469
1,8.923294117647059,2468
1,8.92435294117647,2467
1,8.925411764705883,2466
1,8.926470588235293,2465
1,8.927529411764706,2464
1,8.928588235294118,2463
1,8.92964705882353,2462
1,8.930705882352942,2461
1,8.931764705882353,2460
1,8.932823529411765,2459
1,8.933882352941177,2458
1,8.934941176470588,2457
1,8.936,2456
1,8.937058823529412,2455
1,8.938117647058824,2454
1,8.939176470588235,2453
1,8.940235294117647,2452
1,8.94129411764706,2451
1,8.942352941176472,2450
1,8.943411764705882,2449
1,8.944470588235294,2448
1,8.945529411764706,2447
1,8.946588235294119,2446
1,8.947647058823529,2445
1,8.948705882352941,2444
1,8.949764705882354,2443
1,8.950823529411766,2442
1,8.951882352941176,2441
1,8.952941176470588,2440
1,8.954,2439
1,8.955058823529413,2438
1,8.956117647058823,2437
1,8.957176470588236,2436
1,8.958235294117648,2435
1,8.95929411764706,2434
1,8.96035294117647,2433
1,8.961411764705883,2432
1,8.962470588235295,2431
1,8.963529411764707,2430
1,8.964588235294118,2429
1,8.96564705882353,2428
1,8.966705882352942,2427
1,8.967764705882352,2426
1,8.968823529411765,2425
1,8.969882352941177,2424
1,8.970941176470589,2423
1,8.972,2422
1,8.973058823529412,2421
1,8.974117647058824,2420
1,8.975176470588236,2419
1,8.976235294117647,2418
1,8.977294117647059,2417
1,8.978352941176471,2416
1,8.979411764705883,2415
1,8.980470588235294,2414
1,8.981529411764706,2413
1,8.982588235294118,2412
1,8.98364705882353,2411
1,8.98470588235294,2410
1,8.985764705882353,2409
1,8.986823529411765,2408
1,8.987882352941178,2407
1,8.988941176470588,2406
1,8.99,2405
1,8.991058823529412,2404
1,8.992117647058825,2403
1,8.993176470588235,2402
1,8.994235294117647,2401
1,8.99529411764706,2400
1,8.996352941176472,2399
1,8.997411764705882,2398
1,8.998470588235294,2397
1,8.999529411764707,2396
1,9.000588235294117,2395
1,9.00164705882353,2394
1,9.002705882352942,2393
1,9.003764705882354,2392
1,9.004823529411766,2391
1,9.005882352941176,2390
1,9.006941176470589,2389
1,9.008000000000001,2388
1,9.009058823529411,2387
1,9.010117647058824,2386
1,9.011176470588236,2385
1,9.012235294117648,2384
1,9.013294117647058,2383
1,9.01435294117647,2382
1,9.015411764705883,2381
1,9.016470588235295,2380
1,9.017529411764706,2379
1,9.018588235294118,2378
1,9.01964705882353,2377
1,9.020705882352942,2376
1,9.021764705882353,2375
1,9.022823529411765,2374
1,9.023882352941177,2373
1,9.024941176470588,2372
1,9.026,2371
1,9.027058823529412,2370
1,9.028117647058824,2369
1,9.029176470588236,2368
1,9.030235294117647,2367
1,9.03129411764706,2366
1,9.032352941176471,2365
1,9.033411764705882,2364
1,9.034470588235294,2363
1,9.035529411764706,2362
1,9.036588235294118,2361
1,9.03764705882353,2360
1,9.038705882352941,2359
1,9.039764705882353,2358
1,9.040823529411766,2357
1,9.041882352941176,2356
1,9.042941176470588,2355
1,9.044,2354
1,9.045058823529413,2353
1,9.046117647058823,2352
1,9.047176470588235,2351
1,9.048235294117648,2350
1,9.04929411764706,2349
1,9.05035294117647,2348
1,9.051411764705882,2347
1,9.052470588235295,2346
1,9.053529411764707,2345
1,9.054588235294117,2344
1,9.05564705882353,2343
1,9.056705882352942,2342
1,9.057764705882354,2341
1,9.058823529411764,2340
1,9.059882352941177,2339
1,9.060941176470589,2338
1,9.062000000000001,2337
1,9.063058823529412,2336
1,9.064117647058824,2335
1,9.065176470588236,2334
1,9.066235294117647,2333
1,9.067294117647059,2332
1,9.068352941176471,2331
1,9.069411764705883,2330
1,9.070470588235295,2329
1,9.071529411764706,2328
1,9.072588235294118,2327
1,9.07364705882353,2326
1,9.07470588235294,2325
1,9.075764705882353,2324
1,9.076823529411765,2323
1,9.077882352941177,2322
1,9.078941176470588,2321
1,9.08,2320
1,9.081058823529412,2319
1,9.082117647058825,2318
1,9.083176470588235,2317
1,9.084235294117647,2316
1,9.08529411764706,2315
1,9.086352941176472,2314
1,9.087411764705882,2313
1,9.088470588235294,2312
1,9.089529411764707,2311
1,9.090588235294119,2310
1,9.09164705882353,2309
1,9.092705882352941,2308
1,9.093764705882354,2307
1,9.094823529411766,2306
1,9.095882352941176,2305
1,9.096941176470589,2304
1,9.098,2303
1,9.099058823529411,2302
1,9.100117647058823,2301
1,9.101176470588236,2300
1,9.102235294117648,2299
1,9.10329411764706,2298
1,9.10435294117647,2297
1,9.105411764705883,2296
1,9.106470588235295,2295
1,9.107529411764705,2294
1,9.108588235294118,2293
1,9.10964705882353,2292
1,9.110705882352942,2291
1,9.111764705882353,2290
1,9.112823529411765,2289
1,9.113882352941177,2288
1,9.11494117647059,2287
1,9.116,2286
1,9.117058823529412,2285
1,9.118117647058824,2284
1,9.119176470588236,2283
1,9.120235294117647,2282
1,9.121294117647059,2281
1,9.122352941176471,2280
1,9.123411764705883,2279
1,9.124470588235294,2278
1,9.125529411764706,2277
1,9.126588235294118,2276
1,9.12764705882353,2275
1,9.128705882352941,2274
1,9.129764705882353,2273
1,9.130823529411765,2272
1,9.131882352941176,2271
1,9.132941176470588,2270
1,9.134,2269
1,9.135058823529413,2268
1,9.136117647058825,2267
1,9.137176470588235,2266
1,9.138235294117647,2265
1,9.13929411764706,2264
1,9.14035294117647,2263
1,9.141411764705882,2262
1,9.142470588235295,2261
1,9.143529411764707,2260
1,9.144588235294117,2259
1,9.14564705882353,2258
1,9.146705882352942,2257
1,9.147764705882354,2256
1,9.148823529411764,2255
1,9.149882352941177,2254
1,9.150941176470589,2253
1,9.152000000000001,2252
1,9.153058823529411,2251
1,9.154117647058824,2250
1,9.155176470588236,2249
1,9.156235294117648,2248
1,9.157294117647059,2247
1,9.15835294117647,2246
1,9.159411764705883,2245
1,9.160470588235295,2244
1,9.161529411764706,2243
1,9.162588235294118,2242
1,9.16364705882353,2241
1,9.16470588235294,2240
1,9.165764705882353,2239
1,9.166823529411765,2238
1,9.167882352941177,2237
1,9.16894117647059,2236
1,9.17,2235
1,9.171058823529412,2234
1,9.172117647058824,2233
1,9.173176470588235,2232
1,9.174235294117647,2231
1,9.17529411764706,2230
1,9.176352941176471,2229
1,9.177411764705884,2228
1,9.178470588235294,2227
1,9.179529411764706,2226
1,9.180588235294119,2225
1,9.181647058823529,2224
1,9.182705882352941,2223
1,9.183764705882353,2222
1,9.184823529411766,2221
1,9.185882352941176,2220
1,9.186941176470588,2219
1,9.188,2218
1,9.189058823529413,2217
1,9.190117647058823,2216
1,9.191176470588236,2215
1,9.192235294117648,2214
1,9.19329411764706,2213
1,9.19435294117647,2212
1,9.195411764705883,2211
1,9.196470588235295,2210
1,9.197529411764705,2209
1,9.198588235294118,2208
1,9.19964705882353,2207
1,9.200705882352942,2206
1,9.201764705882354,2205
1,9.202823529411765,2204
1,9.203882352941177,2203
1,9.204941176470589,2202
1,9.206,2201
1,9.207058823529412,2200
1,9.208117647058824,2199
1,9.209176470588236,2198
1,9.210235294117648,2197
1,9.211294117647059,2196
1,9.212352941176471,2195
1,9.213411764705883,2194
1,9.214470588235294,2193
1,9.215529411764706,2192
1,9.216588235294118,2191
1,9.21764705882353,2190
1,9.21870588235294,2189
1,9.219764705882353,2188
1,9.220823529411765,2187
1,9.221882352941178,2186
1,9.222941176470588,2185
1,9.224,2184
1,9.225058823529412,2183
1,9.226117647058825,2182
1,9.227176470588235,2181
1,9.228235294117647,2180
1,9.22929411764706,2179
1,9.230352941176472,2178
1,9.231411764705882,2177
1,9.232470588235294,2176
1,9.233529411764707,2175
1,9.234588235294119,2174
1,9.23564705882353,2173
1,9.236705882352942,2172
1,9.237764705882354,2171
1,9.238823529411764,2170
1,9.239882352941176,2169
1,9.240941176470589,2168
1,9.242,2167
1,9.243058823529413,2166
1,9.244117647058824,2165
1,9.245176470588236,2164
1,9.246235294117648,2163
1,9.247294117647058,2162
1,9.24835294117647,2161
1,9.249411764705883,2160
1,9.250470588235295,2159
1,9.251529411764706,2158
1,9.252588235294118,2157
1,9.25364705882353,2156
1,9.254705882352942,2155
1,9.255764705882353,2154
1,9.256823529411765,2153
1,9.257882352941177,2152
1,9.25894117647059,2151
1,9.26,2150
1,9.261058823529412,2149
1,9.262117647058824,2148
1,9.263176470588236,2147
1,9.264235294117647,2146
1,9.26529411764706,2145
1,9.266352941176471,2144
1,9.267411764705884,2143
1,9.268470588235294,2142
1,9.269529411764706,2141
1,9.270588235294118,2140
1,9.271647058823529,2139
1,9.272705882352941,2138
1,9.273764705882353,2137
1,9.274823529411766,2136
1,9.275882352941178,2135
1,9.276941176470588,2134
1,9.278,2133
1,9.279058823529413,2132
1,9.280117647058823,2131
1,9.281176470588235,2130
1,9.282235294117648,2129
1,9.28329411764706,2128
1,9.28435294117647,2127
1,9.285411764705882,2126
1,9.286470588235295,2125
1,9.287529411764707,2124
1,9.288588235294117,2123
1,9.28964705882353,2122
1,9.290705882352942,2121
1,9.291764705882354,2120
1,9.292823529411764,2119
1,9.293882352941177,2118
1,9.294941176470589,2117
1,9.296000000000001,2116
1,9.297058823529412,2115
1,9.298117647058824,2114
1,9.299176470588236,2113
1,9.300235294117648,2112
1,9.301294117647059,2111
1,9.302352941176471,2110
1,9.303411764705883,2109
1,9.304470588235294,2108
1,9.305529411764706,2107
1,9.306588235294118,2106
1,9.30764705882353,2105
1,9.308705882352942,2104
1,9.309764705882353,2103
1,9.310823529411765,2102
1,9.311882352941177,2101
1,9.312941176470588,2100
1,9.314,2099
1,9.315058823529412,2098
1,9.316117647058825,2097
1,9.317176470588235,2096
1,9.318235294117647,2095
1,9.31929411764706,2094
1,9.320352941176472,2093
1,9.321411764705882,2092
1,9.322470588235294,2091
1,9.323529411764707,2090
1,9.324588235294119,2089
1,9.32564705882353,2088
1,9.326705882352941,2087
1,9.327764705882354,2086
1,9.328823529411766,2085
1,9.329882352941176,2084
1,9.330941176470589,2083
1,9.332,2082
1,9.333058823529413,2081
1,9.334117647058823,2080
1,9.335176470588236,2079
1,9.336235294117648,2078
1,9.337294117647058,2077
1,9.33835294117647,2076
1,9.339411764705883,2075
1,9.340470588235295,2074
1,9.341529411764707,2073
1,9.342588235294118,2072
1,9.34364705882353,2071
1,9.344705882352942,2070
1,9.345764705882353,2069
1,9.346823529411765,2068
1,9.347882352941177,2067
1,9.34894117647059,2066
1,9.350000000000001,2065
1,9.351058823529412,2064
1,9.352117647058824,2063
1,9.353176470588236,2062
1,9.354235294117647,2061
1,9.355294117647059,2060
1,9.356352941176471,2059
1,9.357411764705883,2058
1,9.358470588235294,2057
1,9.359529411764706,2056
1,9.360588235294118,2055
1,9.36164705882353,2054
1,9.362705882352941,2053
1,9.363764705882353,2052
1,9.364823529411765,2051
1,9.365882352941178,2050
1,9.366941176470588,2049
1,9.368,2048
1,9.369058823529413,2047
1,9.370117647058823,2046
1,9.371176470588235,2045
1,9.372235294117647,2044
1,9.37329411764706,2043
1,9.374352941176472,2042
1,9.375411764705882,2041
1,9.376470588235295,2040
1,9.377529411764707,2039
1,9.378588235294117,2038
1,9.37964705882353,2037
1,9.380705882352942,2036
1,9.381764705882354,2035
1,9.382823529411766,2034
1,9.383882352941177,2033
1,9.384941176470589,2032
1,9.386000000000001,2031
1,9.387058823529411,2030
1,9.388117647058824,2029
1,9.389176470588236,2028
1,9.390235294117648,2027
1,9.391294117647059,2026
1,9.39235294117647,2025
1,9.393411764705883,2024
1,9.394470588235295,2023
1,9.395529411764706,2022
1,9.396588235294118,2021
1,9.39764705882353,2020
1,9.398705882352942,2019
1,9.399764705882353,2018
1,9.400823529411765,2017
1,9.401882352941177,2016
1,9.402941176470588,2015
1,9.404,2014
1,9.405058823529412,2013
1,9.406117647058824,2012
1,9.407176470588237,2011
1,9.408235294117647,2010
1,9.40929411764706,2009
1,9.410352941176471,2008
1,9.411411764705882,2007
1,9.412470588235294,2006
1,9.413529411764706,2005
1,9.414588235294119,2004
1,9.41564705882353,2003
1,9.416705882352941,2002
1,9.417764705882353,2001
1,9.418823529411766,2000
1,9.419882352941176,1999
1,9.420941176470588,1998
1,9.422,1997
1,9.423058823529413,1996
1,9.424117647058823,1995
1,9.425176470588235,1994
1,9.426235294117648,1993
1,9.42729411764706,1992
1,9.42835294117647,1991
1,9.429411764705883,1990
1,9.430470588235295,1989
1,9.431529411764707,1988
1,9.432588235294117,1987
1,9.43364705882353,1986
1,9.434705882352942,1985
1,9.435764705882354,1984
1,9.436823529411765,1983
1,9.437882352941177,1982
1,9.438941176470589,1981
1,9.440000000000001,1980
1,9.441058823529412,1979
1,9.442117647058824,1978
1,9.443176470588236,1977
1,9.444235294117647,1976
1,9.445294117647059,1975
1,9.446352941176471,1974
1,9.447411764705883,1973
1,9.448470588235296,1972
1,9.449529411764706,1971
1,9.450588235294118,1970
1,9.45164705882353,1969
1,9.45270588235294,1968
1,9.453764705882353,1967
1,9.454823529411765,1966
1,9.455882352941178,1965
1,9.456941176470588,1964
1,9.458,1963
1,9.459058823529412,1962
1,9.460117647058825,1961
1,9.461176470588235,1960
1,9.462235294117647,1959
1,9.46329411764706,1958
1,9.464352941176472,1957
1,9.465411764705882,1956
1,9.466470588235294,1955
1,9.467529411764707,1954
1,9.468588235294119,1953
1,9.46964705882353,1952
1,9.470705882352942,1951
1,9.471764705882354,1950
1,9.472823529411766,1949
1,9.473882352941176,1948
1,9.474941176470589,1947
1,9.476,1946
1,9.477058823529411,1945
1,9.478117647058824,1944
1,9.479176470588236,1943
1,9.480235294117648,1942
1,9.48129411764706,1941
1,9.48235294117647,1940
1,9.483411764705883,1939
1,9.484470588235295,1938
1,9.485529411764706,1937
1,9.486588235294118,1936
1,9.48764705882353,1935
1,9.488705882352942,1934
1,9.489764705882353,1933
1,9.490823529411765,1932
1,9.491882352941177,1931
1,9.49294117647059,1930
1,9.494,1929
1,9.495058823529412,1928
1,9.496117647058824,1927
1,9.497176470588236,1926
1,9.498235294117647,1925
1,9.499294117647059,1924
1,9.500352941176471,1923
1,9.501411764705884,1922
1,9.502470588235294,1921
1,9.503529411764706,1920
1,9.504588235294118,1919
1,9.50564705882353,1918
1,9.506705882352941,1917
1,9.507764705882353,1916
1,9.508823529411766,1915
1,9.509882352941176,1914
1,9.510941176470588,1913
1,9.512,1912
1,9.513058823529413,1911
1,9.514117647058825,1910
1,9.515176470588235,1909
1,9.516235294117648,1908
1,9.51729411764706,1907
1,9.51835294117647,1906
1,9.519411764705882,1905
1,9.520470588235295,1904
1,9.521529411764707,1903
1,9.52258823529412,1902
1,9.52364705882353,1901
1,9.524705882352942,1900
1,9.525764705882354,1899
1,9.526823529411764,1898
1,9.527882352941177,1897
1,9.528941176470589,1896
1,9.530000000000001,1895
1,9.531058823529412,1894
1,9.532117647058824,1893
1,9.533176470588236,1892
1,9.534235294117648,1891
1,9.535294117647059,1890
1,9.536352941176471,1889
1,9.537411764705883,1888
1,9.538470588235295,1887
1,9.539529411764706,1886
1,9.540588235294118,1885
1,9.54164705882353,1884
1,9.54270588235294,1883
1,9.543764705882353,1882
1,9.544823529411765,1881
1,9.545882352941177,1880
1,9.54694117647059,1879
1,9.548,1878
1,9.549058823529412,1877
1,9.550117647058824,1876
1,9.551176470588235,1875
1,9.552235294117647,1874
1,9.55329411764706,1873
1,9.554352941176472,1872
1,9.555411764705884,1871
1,9.556470588235294,1870
1,9.557529411764706,1869
1,9.558588235294119,1868
1,9.55964705882353,1867
1,9.560705882352941,1866
1,9.561764705882354,1865
1,9.562823529411766,1864
1,9.563882352941176,1863
1,9.564941176470589,1862
1,9.566,1861
1,9.567058823529413,1860
1,9.568117647058823,1859
1,9.569176470588236,1858
1,9.570235294117648,1857
1,9.57129411764706,1856
1,9.57235294117647,1855
1,9.573411764705883,1854
1,9.574470588235295,1853
1,9.575529411764705,1852
1,9.576588235294118,1851
1,9.57764705882353,1850
1,9.578705882352942,1849
1,9.579764705882354,1848
1,9.580823529411765,1847
1,9.581882352941177,1846
1,9.58294117647059,1845
1,9.584,1844
1,9.585058823529412,1843
1,9.586117647058824,1842
1,9.587176470588236,1841
1,9.588235294117649,1840
1,9.589294117647059,1839
1,9.590352941176471,1838
1,9.591411764705883,1837
1,9.592470588235294,1836
1,9.593529411764706,1835
1,9.594588235294118,1834
1,9.59564705882353,1833
1,9.596705882352941,1832
1,9.597764705882353,1831
1,9.598823529411765,1830
1,9.599882352941178,1829
1,9.600941176470588,1828
1,9.602,1827
1,9.603058823529413,1826
1,9.604117647058825,1825
1,9.605176470588235,1824
1,9.606235294117647,1823
1,9.60729411764706,1822
1,9.608352941176472,1821
1,9.609411764705882,1820
1,9.610470588235295,1819
1,9.611529411764707,1818
1,9.612588235294119,1817
1,9.61364705882353,1816
1,9.614705882352942,1815
1,9.615764705882354,1814
1,9.616823529411764,1813
1,9.617882352941177,1812
1,9.618941176470589,1811
1,9.620000000000001,1810
1,9.621058823529413,1809
1,9.622117647058824,1808
1,9.623176470588236,1807
1,9.624235294117648,1806
1,9.625294117647059,1805
1,9.62635294117647,1804
1,9.627411764705883,1803
1,9.628470588235295,1802
1,9.629529411764706,1801
1,9.630588235294118,1800
1,9.63164705882353,1799
1,9.632705882352942,1798
1,9.633764705882353,1797
1,9.634823529411765,1796
1,9.635882352941177,1795
1,9.63694117647059,1794
1,9.638,1793
1,9.639058823529412,1792
1,9.640117647058824,1791
1,9.641176470588237,1790
1,9.642235294117647,1789
1,9.64329411764706,1788
1,9.644352941176471,1787
1,9.645411764705884,1786
1,9.646470588235294,1785
1,9.647529411764706,1784
1,9.648588235294119,1783
1,9.649647058823529,1782
1,9.650705882352941,1781
1,9.651764705882353,1780
1,9.652823529411766,1779
1,9.653882352941178,1778
1,9.654941176470588,1777
1,9.656,1776
1,9.657058823529413,1775
1,9.658117647058823,1774
1,9.659176470588235,1773
1,9.660235294117648,1772
1,9.66129411764706,1771
1,9.66235294117647,1770
1,9.663411764705883,1769
1,9.664470588235295,1768
1,9.665529411764707,1767
1,9.666588235294117,1766
1,9.66764705882353,1765
1,9.668705882352942,1764
1,9.669764705882354,1763
1,9.670823529411765,1762
1,9.671882352941177,1761
1,9.672941176470589,1760
1,9.674000000000001,1759
1,9.675058823529412,1758
1,9.676117647058824,1757
1,9.677176470588236,1756
1,9.678235294117648,1755
1,9.679294117647059,1754
1,9.680352941176471,1753
1,9.681411764705883,1752
1,9.682470588235294,1751
1,9.683529411764706,1750
1,9.684588235294118,1749
1,9.68564705882353,1748
1,9.686705882352943,1747
1,9.687764705882353,1746
1,9.688823529411765,1745
1,9.689882352941178,1744
1,9.690941176470588,1743
1,9.692,1742
1,9.693058823529412,1741
1,9.694117647058825,1740
1,9.695176470588237,1739
1,9.696235294117647,1738
1,9.69729411764706,1737
1,9.698352941176472,1736
1,9.699411764705882,1735
1,9.700470588235294,1734
1,9.701529411764707,1733
1,9.702588235294119,1732
1,9.70364705882353,1731
1,9.704705882352942,1730
1,9.705764705882354,1729
1,9.706823529411766,1728
1,9.707882352941176,1727
1,9.708941176470589,1726
1,9.71,1725
1,9.711058823529413,1724
1,9.712117647058824,1723
1,9.713176470588236,1722
1,9.714235294117648,1721
1,9.715294117647058,1720
1,9.71635294117647,1719
1,9.717411764705883,1718
1,9.718470588235295,1717
1,9.719529411764707,1716
1,9.720588235294118,1715
1,9.72164705882353,1714
1,9.722705882352942,1713
1,9.723764705882353,1712
1,9.724823529411765,1711
1,9.725882352941177,1710
1,9.72694117647059,1709
1,9.728000000000002,1708
1,9.729058823529412,1707
1,9.730117647058824,1706
1,9.731176470588236,1705
1,9.732235294117647,1704
1,9.733294117647059,1703
1,9.734352941176471,1702
1,9.735411764705884,1701
1,9.736470588235294,1700
1,9.737529411764706,1699
1,9.738588235294118,1698
1,9.73964705882353,1697
1,9.740705882352941,1696
1,9.741764705882353,1695
1,9.742823529411766,1694
1,9.743882352941178,1693
1,9.744941176470588,1692
1,9.746,1691
1,9.747058823529413,1690
1,9.748117647058823,1689
1,9.749176470588235,1688
1,9.750235294117648,1687
1,9.75129411764706,1686
1,9.752352941176472,1685
1,9.753411764705882,1684
1,9.754470588235295,1683
1,9.755529411764707,1682
1,9.756588235294117,1681
1,9.75764705882353,1680
1,9.758705882352942,1679
1,9.759764705882354,1678
1,9.760823529411766,1677
1,9.761882352941177,1676
1,9.762941176470589,1675
1,9.764000000000001,1674
1,9.765058823529412,1673
1,9.766117647058824,1672
1,9.767176470588236,1671
1,9.768235294117648,1670
1,9.769294117647059,1669
1,9.770352941176471,1668
1,9.771411764705883,1667
1,9.772470588235295,1666
1,9.773529411764706,1665
1,9.774588235294118,1664
1,9.77564705882353,1663
1,9.776705882352942,1662
1,9.777764705882353,1661
1,9.778823529411765,1660
1,9.779882352941177,1659
1,9.78094117647059,1658
1,9.782,1657
1,9.783058823529412,1656
1,9.784117647058824,1655
1,9.785176470588237,1654
1,9.786235294117647,1653
1,9.78729411764706,1652
1,9.788352941176472,1651
1,9.789411764705882,1650
1,9.790470588235294,1649
1,9.791529411764706,1648
1,9.792588235294119,1647
1,9.793647058823531,1646
1,9.794705882352941,1645
1,9.795764705882354,1644
1,9.796823529411766,1643
1,9.797882352941176,1642
1,9.798941176470588,1641
2,4.8,1640
2,4.800121951219512,1639
2,4.800243902439024,1638
2,4.800365853658536,1637
2,4.800487804878049,1636
2,4.800609756097561,1635
2,4.800731707317073,1634
2,4.800853658536585,1633
2,4.800975609756097,1632
2,4.8010975609756095,1631
2,4.8012195121951216,1630
2,4.801341463414634,1629
2,4.801463414634146,1628
2,4.801585365853659,1627
2,4.801707317073171,1626
2,4.801829268292683,1625
2,4.801951219512195,1624
2,4.802073170731707,1623
2,4.802195121951219,1622
2,4.802317073170731,1621
2,4.802439024390244,1620
2,4.802560975609756,1619
2,4.802682926829268,1618
2,4.80280487804878,1617
2,4.8029268292682925,1616
2,4.803048780487805,1615
2,4.803170731707317,1614
2,4.803292682926829,1613
2,4.803414634146341,1612
2,4.803536585365854,1611
2,4.803658536585366,1610
2,4.803780487804878,1609
2,4.80390243902439,1608
2,4.804024390243902,1607
2,4.804146341463414,1606
2,4.804268292682926,1605
2,4.804390243902439,1604
2,4.804512195121951,1603
2,4.8046341463414635,1602
2,4.8047560975609755,1601
2,4.804878048780488,1600
2,4.805,1599
2,4.805121951219512,1598
2,4.805243902439024,1597
2,4.805365853658536,1596
2,4.805487804878049,1595
2,4.805609756097561,1594
2,4.805731707317073,1593
2,4.805853658536585,1592
2,4.805975609756097,1591
2,4.806097560975609,1590
2,4.8062195121951214,1589
2,4.806341463414634,1588
2,4.8064634146341465,1587
2,4.806585365853659,1586
2,4.806707317073171,1585
2,4.806829268292683,1584
2,4.806951219512195,1583
2,4.807073170731707,1582
2,4.807195121951219,1581
2,4.807317073170731,1580
2,4.807439024390244,1579
2,4.807560975609756,1578
2,4.807682926829268,1577
2,4.80780487804878,1576
2,4.807926829268292,1575
2,4.8080487804878045,1574
2,4.808170731707317,1573
2,4.8082926829268295,1572
2,4.808414634146342,1571
2,4.808536585365854,1570
2,4.808658536585366,1569
2,4.808780487804878,1568
2,4.80890243902439,1567
2,4.809024390243902,1566
2,4.809146341463414,1565
2,4.809268292682926,1564
2,4.809390243902439,1563
2,4.809512195121951,1562
2,4.809634146341463,1561
2,4.809756097560975,1560
2,4.8098780487804875,1559
2,4.81,1558
2,4.810121951219512,1557
2,4.810243902439025,1556
2,4.810365853658537,1555
2,4.810487804878049,1554
2,4.810609756097561,1553
2,4.810731707317073,1552
2,4.810853658536585,1551
2,4.810975609756097,1550
2,4.811097560975609,1549
2,4.811219512195121,1548
2,4.811341463414634,1547
2,4.811463414634146,1546
2,4.8115853658536585,1545
2,4.811707317073171,1544
2,4.811829268292683,1543
2,4.811951219512195,1542
2,4.812073170731707,1541
2,4.81219512195122,1540
2,4.812317073170732,1539
2,4.812439024390244,1538
2,4.812560975609756,1537
2,4.812682926829268,1536
2,4.81280487804878,1535
2,4.812926829268292,1534
2,4.813048780487804,1533
2,4.8131707317073165,1532
2,4.813292682926829,1531
2,4.8134146341463415,1530
2,4.813536585365854,1529
2,4.813658536585366,1528
2,4.813780487804878,1527
2,4.81390243902439,1526
2,4.814024390243902,1525
2,4.814146341463415,1524
2,4.814268292682927,1523
2,4.814390243902439,1522
2,4.814512195121951,1521
2,4.814634146341463,1520
2,4.814756097560975,1519
2,4.814878048780487,1518
2,4.8149999999999995,1517
2,4.815121951219512,1516
2,4.815243902439025,1515
2,4.815365853658537,1514
2,4.815487804878049,1513
2,4.815609756097561,1512
2,4.815731707317073,1511
2,4.815853658536585,1510
2,4.815975609756097,1509
2,4.81609756097561,1508
2,4.816219512195122,1507
2,4.816341463414634,1506
2,4.816463414634146,1505
2,4.816585365853658,1504
2,4.8167073170731705,1503
2,4.8168292682926825,1502
2,4.816951219512195,1501
2,4.817073170731707,1500
2,4.81719512195122,1499
2,4.817317073170732,1498
2,4.817439024390244,1497
2,4.817560975609756,1496
2,4.817682926829268,1495
2,4.81780487804878,1494
2,4.817926829268292,1493
2,4.818048780487805,1492
2,4.818170731707317,1491
2,4.818292682926829,1490
2,4.818414634146341,1489
2,4.8185365853658535,1488
2,4.818658536585366,1487
2,4.818780487804878,1486
2,4.81890243902439,1485
2,4.819024390243902,1484
2,4.819146341463415,1483
2,4.819268292682927,1482
2,4.819390243902439,1481
2,4.819512195121951,1480
2,4.819634146341463,1479
2,4.819756097560975,1478
2,4.819878048780487,1477
2,4.82,1476
2,4.820121951219512,1475
2,4.8202439024390245,1474
2,4.8203658536585365,1473
2,4.820487804878049,1472
2,4.820609756097561,1471
2,4.820731707317073,1470
2,4.820853658536585,1469
2,4.820975609756097,1468
2,4.82109756097561,1467
2,4.821219512195122,1466
2,4.821341463414634,1465
2,4.821463414634146,1464
2,4.821585365853658,1463
2,4.82170731707317,1462
2,4.821829268292682,1461
2,4.821951219512195,1460
2,4.8220731707317075,1459
2,4.82219512195122,1458
2,4.822317073170732,1457
2,4.822439024390244,1456
2,4.822560975609756,1455
2,4.822682926829268,1454
2,4.82280487804878,1453
2,4.822926829268292,1452
2,4.823048780487805,1451
2,4.823170731707317,1450
2,4.823292682926829,1449
2,4.823414634146341,1448
2,4.823536585365853,1447
2,4.8236585365853655,1446
2,4.823780487804878,1445
2,4.8239024390243905,1444
2,4.824024390243903,1443
2,4.824146341463415,1442
2,4.824268292682927,1441
2,4.824390243902439,1440
2,4.824512195121951,1439
2,4.824634146341463,1438
2,4.824756097560975,1437
2,4.824878048780487,1436
2,4.825,1435
2,4.825121951219512,1434
2,4.825243902439024,1433
2,4.825365853658536,1432
2,4.8254878048780485,1431
2,4.825609756097561,1430
2,4.825731707317073,1429
2,4.825853658536586,1428
2,4.825975609756098,1427
2,4.82609756097561,1426
2,4.826219512195122,1425
2,4.826341463414634,1424
2,4.826463414634146,1423
2,4.826585365853658,1422
2,4.82670731707317,1421
2,4.826829268292682,1420
2,4.826951219512195,1419
2,4.827073170731707,1418
2,4.8271951219512195,1417
2,4.8273170731707316,1416
2,4.827439024390244,1415
2,4.827560975609756,1414
2,4.827682926829268,1413
2,4.827804878048781,1412
2,4.827926829268293,1411
2,4.828048780487805,1410
2,4.828170731707317,1409
2,4.828292682926829,1408
2,4.828414634146341,1407
2,4.828536585365853,1406
2,4.828658536585365,1405
2,4.8287804878048775,1404
2,4.82890243902439,1403
2,4.8290243902439025,1402
2,4.829146341463415,1401
2,4.829268292682927,1400
2,4.829390243902439,1399
2,4.829512195121951,1398
2,4.829634146341463,1397
2,4.829756097560976,1396
2,4.829878048780488,1395
2,4.83,1394
2,4.830121951219512,1393
2,4.830243902439024,1392
2,4.830365853658536,1391
2,4.830487804878048,1390
2,4.8306097560975605,1389
2,4.830731707317073,1388
2,4.8308536585365855,1387
2,4.830975609756098,1386
2,4.83109756097561,1385
2,4.831219512195122,1384
2,4.831341463414634,1383
2,4.831463414634146,1382
2,4.831585365853658,1381
2,4.831707317073171,1380
2,4.831829268292683,1379
2,4.831951219512195,1378
2,4.832073170731707,1377
2,4.832195121951219,1376
2,4.8323170731707314,1375
2,4.8324390243902435,1374
2,4.832560975609756,1373
2,4.832682926829268,1372
2,4.832804878048781,1371
2,4.832926829268293,1370
2,4.833048780487805,1369
2,4.833170731707317,1368
2,4.833292682926829,1367
2,4.833414634146341,1366
2,4.833536585365853,1365
2,4.833658536585366,1364
2,4.833780487804878,1363
2,4.83390243902439,1362
2,4.834024390243902,1361
2,4.8341463414634145,1360
2,4.834268292682927,1359
2,4.834390243902439,1358
2,4.834512195121951,1357
2,4.834634146341463,1356
2,4.834756097560976,1355
2,4.834878048780488,1354
2,4.835,1353
2,4.835121951219512,1352
2,4.835243902439024,1351
2,4.835365853658536,1350
2,4.835487804878048,1349
2,4.835609756097561,1348
2,4.835731707317073,1347
2,4.835853658536585,1346
2,4.8359756097560975,1345
2,4.83609756097561,1344
2,4.836219512195122,1343
2,4.836341463414634,1342
2,4.836463414634146,1341
2,4.836585365853658,1340
2,4.836707317073171,1339
2,4.836829268292683,1338
2,4.836951219512195,1337
2,4.837073170731707,1336
2,4.837195121951219,1335
2,4.837317073170731,1334
2,4.837439024390243,1333
2,4.837560975609756,1332
2,4.8376829268292685,1331
2,4.837804878048781,1330
2,4.837926829268293,1329
2,4.838048780487805,1328
2,4.838170731707317,1327
2,4.838292682926829,1326
2,4.838414634146341,1325
2,4.838536585365853,1324
2,4.838658536585366,1323
2,4.838780487804878,1322
2,4.83890243902439,1321
2,4.839024390243902,1320
2,4.839146341463414,1319
2,4.8392682926829265,1318
2,4.8393902439024385,1317
2,4.8395121951219515,1316
2,4.839634146341464,1315
2,4.839756097560976,1314
2,4.839878048780488,1313
2,4.84,1312
2,4.840121951219512,1311
2,4.840243902439024,1310
2,4.840365853658536,1309
2,4.840487804878048,1308
2,4.840609756097561,1307
2,4.840731707317073,1306
2,4.840853658536585,1305
2,4.840975609756097,1304
2,4.8410975609756095,1303
2,4.841219512195122,1302
2,4.841341463414634,1301
2,4.841463414634147,1300
2,4.841585365853659,1299
2,4.841707317073171,1298
2,4.841829268292683,1297
2,4.841951219512195,1296
2,4.842073170731707,1295
2,4.842195121951219,1294
2,4.842317073170731,1293
2,4.842439024390243,1292
2,4.842560975609756,1291
2,4.842682926829268,1290
2,4.8428048780487805,1289
2,4.8429268292682925,1288
2,4.843048780487805,1287
2,4.843170731707317,1286
2,4.843292682926829,1285
2,4.843414634146342,1284
2,4.843536585365854,1283
2,4.843658536585366,1282
2,4.843780487804878,1281
2,4.84390243902439,1280
2,4.844024390243902,1279
2,4.844146341463414,1278
2,4.844268292682926,1277
2,4.844390243902438,1276
2,4.844512195121951,1275
2,4.8446341463414635,1274
2,4.844756097560976,1273
2,4.844878048780488,1272
2,4.845,1271
2,4.845121951219512,1270
2,4.845243902439024,1269
2,4.845365853658537,1268
2,4.845487804878049,1267
2,4.845609756097561,1266
2,4.845731707317073,1265
2,4.845853658536585,1264
2,4.845975609756097,1263
2,4.846097560975609,1262
2,4.8462195121951215,1261
2,4.846341463414634,1260
2,4.8464634146341465,1259
2,4.846585365853659,1258
2,4.846707317073171,1257
2,4.846829268292683,1256
2,4.846951219512195,1255
2,4.847073170731707,1254
2,4.847195121951219,1253
2,4.847317073170732,1252
2,4.847439024390244,1251
2,4.847560975609756,1250
2,4.847682926829268,1249
2,4.84780487804878,1248
2,4.847926829268292,1247
2,4.8480487804878045,1246
2,4.848170731707317,1245
2,4.848292682926829,1244
2,4.848414634146342,1243
2,4.848536585365854,1242
2,4.848658536585366,1241
2,4.848780487804878,1240
2,4.84890243902439,1239
2,4.849024390243902,1238
2,4.849146341463414,1237
2,4.849268292682927,1236
2,4.849390243902439,1235
2,4.849512195121951,1234
2,4.849634146341463,1233
2,4.8497560975609755,1232
2,4.849878048780488,1231
2,4.85,1230
2,4.850121951219512,1229
2,4.850243902439024,1228
2,4.850365853658537,1227
2,4.850487804878049,1226
2,4.850609756097561,1225
2,4.850731707317073,1224
2,4.850853658536585,1223
2,4.850975609756097,1222
2,4.851097560975609,1221
2,4.851219512195122,1220
2,4.851341463414634,1219
2,4.851463414634146,1218
2,4.8515853658536585,1217
2,4.851707317073171,1216
2,4.851829268292683,1215
2,4.851951219512195,1214
2,4.852073170731707,1213
2,4.852195121951219,1212
2,4.852317073170732,1211
2,4.852439024390244,1210
2,4.852560975609756,1209
2,4.852682926829268,1208
2,4.85280487804878,1207
2,4.852926829268292,1206
2,4.853048780487804,1205
2,4.853170731707317,1204
2,4.8532926829268295,1203
2,4.8534146341463416,1202
2,4.853536585365854,1201
2,4.853658536585366,1200
2,4.853780487804878,1199
2,4.85390243902439,1198
2,4.854024390243902,1197
2,4.854146341463414,1196
2,4.854268292682927,1195
2,4.854390243902439,1194
2,4.854512195121951,1193
2,4.854634146341463,1192
2,4.854756097560975,1191
2,4.8548780487804875,1190
2,4.8549999999999995,1189
2,4.8551219512195125,1188
2,4.855243902439025,1187
2,4.855365853658537,1186
2,4.855487804878049,1185
2,4.855609756097561,1184
2,4.855731707317073,1183
2,4.855853658536585,1182
2,4.855975609756097,1181
2,4.856097560975609,1180
2,4.856219512195122,1179
2,4.856341463414634,1178
2,4.856463414634146,1177
2,4.856585365853658,1176
2,4.8567073170731705,1175
2,4.856829268292683,1174
2,4.856951219512195,1173
2,4.857073170731708,1172
2,4.85719512195122,1171
2,4.857317073170732,1170
2,4.857439024390244,1169
2,4.857560975609756,1168
2,4.857682926829268,1167
2,4.85780487804878,1166
2,4.857926829268292,1165
2,4.858048780487804,1164
2,4.858170731707317,1163
2,4.858292682926829,1162
2,4.8584146341463414,1161
2,4.8585365853658535,1160
2,4.858658536585366,1159
2,4.858780487804878,1158
2,4.85890243902439,1157
2,4.859024390243903,1156
2,4.859146341463415,1155
2,4.859268292682927,1154
2,4.859390243902439,1153
2,4.859512195121951,1152
2,4.859634146341463,1151
2,4.859756097560975,1150
2,4.859878048780487,1149
2,4.859999999999999,1148
2,4.860121951219512,1147
2,4.8602439024390245,1146
2,4.860365853658537,1145
2,4.860487804878049,1144
2,4.860609756097561,1143
2,4.860731707317073,1142
2,4.860853658536585,1141
2,4.860975609756098,1140
2,4.86109756097561,1139
2,4.861219512195122,1138
2,4.861341463414634,1137
2,4.861463414634146,1136
2,4.861585365853658,1135
2,4.86170731707317,1134
2,4.8618292682926825,1133
2,4.8619512195121946,1132
2,4.8620731707317075,1131
2,4.86219512195122,1130
2,4.862317073170732,1129
2,4.862439024390244,1128
2,4.862560975609756,1127
2,4.862682926829268,1126
2,4.86280487804878,1125
2,4.862926829268293,1124
2,4.863048780487805,1123
2,4.863170731707317,1122
2,4.863292682926829,1121
2,4.863414634146341,1120
2,4.863536585365853,1119
2,4.8636585365853655,1118
2,4.863780487804878,1117
2,4.86390243902439,1116
2,4.864024390243903,1115
2,4.864146341463415,1114
2,4.864268292682927,1113
2,4.864390243902439,1112
2,4.864512195121951,1111
2,4.864634146341463,1110
2,4.864756097560975,1109
2,4.864878048780488,1108
2,4.865,1107
2,4.865121951219512,1106
2,4.865243902439024,1105
2,4.8653658536585365,1104
2,4.8654878048780485,1103
2,4.865609756097561,1102
2,4.865731707317073,1101
2,4.865853658536585,1100
2,4.865975609756098,1099
2,4.86609756097561,1098
2,4.866219512195122,1097
2,4.866341463414634,1096
2,4.866463414634146,1095
2,4.866585365853658,1094
2,4.86670731707317,1093
2,4.866829268292683,1092
2,4.866951219512195,1091
2,4.867073170731707,1090
2,4.8671951219512195,1089
2,4.867317073170732,1088
2,4.867439024390244,1087
2,4.867560975609756,1086
2,4.867682926829268,1085
2,4.86780487804878,1084
2,4.867926829268293,1083
2,4.868048780487805,1082
2,4.868170731707317,1081
2,4.868292682926829,1080
2,4.868414634146341,1079
2,4.868536585365853,1078
2,4.868658536585365,1077
2,4.868780487804878,1076
2,4.8689024390243905,1075
2,4.8690243902439025,1074
2,4.869146341463415,1073
2,4.869268292682927,1072
2,4.869390243902439,1071
2,4.869512195121951,1070
2,4.869634146341463,1069
2,4.869756097560975,1068
2,4.869878048780488,1067
2,4.87,1066
2,4.870121951219512,1065
2,4.870243902439024,1064
2,4.870365853658536,1063
2,4.870487804878048,1062
2,4.8706097560975605,1061
2,4.8707317073170735,1060
2,4.870853658536586,1059
2,4.870975609756098,1058
2,4.87109756097561,1057
2,4.871219512195122,1056
2,4.871341463414634,1055
2,4.871463414634146,1054
2,4.871585365853658,1053
2,4.87170731707317,1052
2,4.871829268292683,1051
2,4.871951219512195,1050
2,4.872073170731707,1049
2,4.872195121951219,1048
2,4.8723170731707315,1047
2,4.872439024390244,1046
2,4.872560975609756,1045
2,4.872682926829269,1044
2,4.872804878048781,1043
2,4.872926829268293,1042
2,4.873048780487805,1041
2,4.873170731707317,1040
2,4.873292682926829,1039
2,4.873414634146341,1038
2,4.873536585365853,1037
2,4.873658536585365,1036
2,4.873780487804878,1035
2,4.87390243902439,1034
2,4.874024390243902,1033
2,4.8741463414634145,1032
2,4.874268292682927,1031
2,4.874390243902439,1030
2,4.874512195121951,1029
2,4.874634146341464,1028
2,4.874756097560976,1027
2,4.874878048780488,1026
2,4.875,1025
2,4.875121951219512,1024
2,4.875243902439024,1023
2,4.875365853658536,1022
2,4.875487804878048,1021
2,4.87560975609756,1020
2,4.875731707317073,1019
2,4.8758536585365855,1018
2,4.875975609756098,1017
2,4.87609756097561,1016
2,4.876219512195122,1015
2,4.876341463414634,1014
2,4.876463414634146,1013
2,4.876585365853659,1012
2,4.876707317073171,1011
2,4.876829268292683,1010
2,4.876951219512195,1009
2,4.877073170731707,1008
2,4.877195121951219,1007
2,4.877317073170731,1006
2,4.8774390243902435,1005
2,4.8775609756097555,1004
2,4.8776829268292685,1003
2,4.877804878048781,1002
2,4.877926829268293,1001
2,4.878048780487805,1000
2,4.878170731707317,999
2,4.878292682926829,998
2,4.878414634146341,997
2,4.878536585365854,996
2,4.878658536585366,995
2,4.878780487804878,994
2,4.87890243902439,993
2,4.879024390243902,992
2,4.879146341463414,991
2,4.8792682926829265,990
2,4.879390243902439,989
2,4.879512195121951,988
2,4.879634146341464,987
2,4.879756097560976,986
2,4.879878048780488,985
2,4.88,984
2,4.880121951219512,983
2,4.880243902439024,982
2,4.880365853658536,981
2,4.880487804878049,980
2,4.880609756097561,979
2,4.880731707317073,978
2,4.880853658536585,977
2,4.8809756097560975,976
2,4.8810975609756095,975
2,4.881219512195122,974
2,4.881341463414634,973
2,4.881463414634146,972
2,4.881585365853659,971
2,4.881707317073171,970
2,4.881829268292683,969
2,4.881951219512195,968
2,4.882073170731707,967
2,4.882195121951219,966
2,4.882317073170731,965
2,4.882439024390244,964
2,4.882560975609756,963
2,4.882682926829268,962
2,4.8828048780487805,961
2,4.882926829268293,960
2,4.883048780487805,959
2,4.883170731707317,958
2,4.883292682926829,957
2,4.883414634146341,956
2,4.883536585365854,955
2,4.883658536585366,954
2,4.883780487804878,953
2,4.88390243902439,952
2,4.884024390243902,951
2,4.884146341463414,950
2,4.884268292682926,949
2,4.884390243902439,948
2,4.8845121951219515,947
2,4.8846341463414635,946
2,4.884756097560976,945
2,4.884878048780488,944
2,4.885,943
2,4.885121951219512,942
2,4.885243902439024,941
2,4.885365853658536,940
2,4.885487804878049,939
2,4.885609756097561,938
2,4.885731707317073,937
2,4.885853658536585,936
2,4.885975609756097,935
2,4.886097560975609,934
2,4.8862195121951215,933
2,4.8863414634146345,932
2,4.886463414634147,931
2,4.886585365853659,930
2,4.886707317073171,929
2,4.886829268292683,928
2,4.886951219512195,927
2,4.887073170731707,926
2,4.887195121951219,925
2,4.887317073170731,924
2,4.887439024390244,923
2,4.887560975609756,922
2,4.887682926829268,921
2,4.88780487804878,920
2,4.8879268292682925,919
2,4.888048780487805,918
2,4.888170731707317,917
2,4.88829268292683,916
2,4.888414634146342,915
2,4.888536585365854,914
2,4.888658536585366,913
2,4.888780487804878,912
2,4.88890243902439,911
2,4.889024390243902,910
2,4.889146341463414,909
2,4.889268292682926,908
2,4.889390243902439,907
2,4.889512195121951,906
2,4.889634146341463,905
2,4.8897560975609755,904
2,4.889878048780488,903
2,4.89,902
2,4.890121951219512,901
2,4.890243902439025,900
2,4.890365853658537,899
2,4.890487804878049,898
2,4.890609756097561,897
2,4.890731707317073,896
2,4.890853658536585,895
2,4.890975609756097,894
2,4.891097560975609,893
2,4.891219512195121,892
2,4.891341463414634,891
2,4.8914634146341465,890
2,4.8915853658536586,889
2,4.891707317073171,888
2,4.891829268292683,887
2,4.891951219512195,886
2,4.892073170731707,885
2,4.89219512195122,884
2,4.892317073170732,883
2,4.892439024390244,882
2,4.892560975609756,881
2,4.892682926829268,880
2,4.89280487804878,879
2,4.892926829268292,878
2,4.8930487804878044,877
2,4.8931707317073165,876
2,4.8932926829268295,875
2,4.893414634146342,874
2,4.893536585365854,873
2,4.893658536585366,872
2,4.893780487804878,871
2,4.89390243902439,870
2,4.894024390243902,869
2,4.894146341463415,868
2,4.894268292682927,867
2,4.894390243902439,866
2,4.894512195121951,865
2,4.894634146341463,864
2,4.894756097560975,863
2,4.8948780487804875,862
2,4.895,861
2,4.895121951219512,860
2,4.895243902439025,859
2,4.895365853658537,858
2,4.895487804878049,857
2,4.895609756097561,856
2,4.895731707317073,855
2,4.895853658536585,854
2,4.895975609756097,853
2,4.89609756097561,852
2,4.896219512195122,851
2,4.896341463414634,850
2,4.896463414634146,849
2,4.8965853658536584,848
2,4.8967073170731705,847
2,4.896829268292683,846
2,4.896951219512195,845
2,4.897073170731707,844
2,4.89719512195122,843
2,4.897317073170732,842
2,4.897439024390244,841
2,4.897560975609756,840
2,4.897682926829268,839
2,4.89780487804878,838
2,4.897926829268292,837
2,4.898048780487805,836
2,4.898170731707317,835
2,4.898292682926829,834
2,4.8984146341463415,833
2,4.898536585365854,832
2,4.898658536585366,831
2,4.898780487804878,830
2,4.89890243902439,829
2,4.899024390243902,828
2,4.899146341463415,827
2,4.899268292682927,826
2,4.899390243902439,825
2,4.899512195121951,824
2,4.899634146341463,823
2,4.899756097560975,822
2,4.899878048780487,821
2,4.9,820
2,4.900121951219512,819
2,4.9002439024390245,818
2,4.900365853658537,817
2,4.900487804878049,816
2,4.900609756097561,815
2,4.900731707317073,814
2,4.900853658536585,813
2,4.900975609756097,812
2,4.90109756097561,811
2,4.901219512195122,810
2,4.901341463414634,809
2,4.901463414634146,808
2,4.901585365853658,807
2,4.90170731707317,806
2,4.9018292682926825,805
2,4.9019512195121955,804
2,4.902073170731708,803
2,4.90219512195122,802
2,4.902317073170732,801
2,4.902439024390244,800
2,4.902560975609756,799
2,4.902682926829268,798
2,4.90280487804878,797
2,4.902926829268292,796
2,4.903048780487805,795
2,4.903170731707317,794
2,4.903292682926829,793
2,4.903414634146341,792
2,4.9035365853658535,791
2,4.9036585365853655,790
2,4.903780487804878,789
2,4.903902439024391,788
2,4.904024390243903,787
2,4.904146341463415,786
2,4.904268292682927,785
2,4.904390243902439,784
2,4.904512195121951,783
2,4.904634146341463,782
2,4.904756097560975,781
2,4.904878048780487,780
2,4.905,779
2,4.905121951219512,778
2,4.905243902439024,777
2,4.9053658536585365,776
2,4.905487804878049,775
2,4.905609756097561,774
2,4.905731707317073,773
2,4.905853658536586,772
2,4.905975609756098,771
2,4.90609756097561,770
2,4.906219512195122,769
2,4.906341463414634,768
2,4.906463414634146,767
2,4.906585365853658,766
2,4.90670731707317,765
2,4.906829268292682,764
2,4.906951219512195,763
2,4.9070731707317075,762
2,4.9071951219512195,761
2,4.907317073170732,760
2,4.907439024390244,759
2,4.907560975609756,758
2,4.907682926829268,757
2,4.907804878048781,756
2,4.907926829268293,755
2,4.908048780487805,754
2,4.908170731707317,753
2,4.908292682926829,752
2,4.908414634146341,751
2,4.908536585365853,750
2,4.908658536585365,749
2,4.9087804878048775,748
2,4.9089024390243905,747
2,4.909024390243903,746
2,4.909146341463415,745
2,4.909268292682927,744
2,4.909390243902439,743
2,4.909512195121951,742
2,4.909634146341463,741
2,4.909756097560976,740
2,4.909878048780488,739
2,4.91,738
2,4.910121951219512,737
2,4.910243902439024,736
2,4.910365853658536,735
2,4.9104878048780485,734
2,4.910609756097561,733
2,4.910731707317073,732
2,4.910853658536586,731
2,4.910975609756098,730
2,4.91109756097561,729
2,4.911219512195122,728
2,4.911341463414634,727
2,4.911463414634146,726
2,4.911585365853658,725
2,4.911707317073171,724
2,4.911829268292683,723
2,4.911951219512195,722
2,4.912073170731707,721
2,4.912195121951219,720
2,4.9123170731707315,719
2,4.912439024390244,718
2,4.912560975609756,717
2,4.912682926829268,716
2,4.912804878048781,715
2,4.912926829268293,714
2,4.913048780487805,713
2,4.913170731707317,712
2,4.913292682926829,711
2,4.913414634146341,710
2,4.913536585365853,709
2,4.913658536585366,708
2,4.913780487804878,707
2,4.91390243902439,706
2,4.9140243902439025,705
2,4.914146341463415,704
2,4.914268292682927,703
2,4.914390243902439,702
2,4.914512195121951,701
2,4.914634146341463,700
2,4.914756097560976,699
2,4.914878048780488,698
2,4.915,697
2,4.915121951219512,696
2,4.915243902439024,695
2,4.915365853658536,694
2,4.915487804878048,693
2,4.915609756097561,692
2,4.915731707317073,691
2,4.9158536585365855,690
2,4.915975609756098,689
2,4.91609756097561,688
2,4.916219512195122,687
2,4.916341463414634,686
2,4.916463414634146,685
2,4.916585365853658,684
2,4.916707317073171,683
2,4.916829268292683,682
2,4.916951219512195,681
2,4.917073170731707,680
2,4.917195121951219,679
2,4.917317073170731,678
2,4.9174390243902435,677
2,4.9175609756097565,676
2,4.9176829268292686,675
2,4.917804878048781,674
2,4.917926829268293,673
2,4.918048780487805,672
2,4.918170731707317,671
2,4.918292682926829,670
2,4.918414634146341,669
2,4.918536585365853,668
2,4.918658536585366,667
2,4.918780487804878,666
2,4.91890243902439,665
2,4.919024390243902,664
2,4.9191463414634145,663
2,4.9192682926829265,662
2,4.919390243902439,661
2,4.919512195121952,660
2,4.919634146341464,659
2,4.919756097560976,658
2,4.919878048780488,657
2,4.92,656
2,4.920121951219512,655
2,4.920243902439024,654
2,4.920365853658536,653
2,4.920487804878048,652
2,4.920609756097561,651
2,4.920731707317073,650
2,4.920853658536585,649
2,4.9209756097560975,648
2,4.92109756097561,647
2,4.921219512195122,646
2,4.921341463414634,645
2,4.921463414634147,644
2,4.921585365853659,643
2,4.921707317073171,642
2,4.921829268292683,641
2,4.921951219512195,640
2,4.922073170731707,639
2,4.922195121951219,638
2,4.922317073170731,637
2,4.922439024390243,636
2,4.922560975609756,635
2,4.9226829268292684,634
2,4.9228048780487805,633
2,4.922926829268293,632
2,4.923048780487805,631
2,4.923170731707317,630
2,4.923292682926829,629
2,4.923414634146342,628
2,4.923536585365854,627
2,4.923658536585366,626
2,4.923780487804878,625
2,4.92390243902439,624
2,4.924024390243902,623
2,4.924146341463414,622
2,4.924268292682926,621
2,4.9243902439024385,620
2,4.9245121951219515,619
2,4.924634146341464,618
2,4.924756097560976,617
2,4.924878048780488,616
2,4.925,615
2,4.925121951219512,614
2,4.925243902439024,613
2,4.925365853658537,612
2,4.925487804878049,611
2,4.925609756097561,610
2,4.925731707317073,609
2,4.925853658536585,608
2,4.925975609756097,607
2,4.9260975609756095,606
2,4.9262195121951216,605
2,4.926341463414634,604
2,4.926463414634147,603
2,4.926585365853659,602
2,4.926707317073171,601
2,4.926829268292683,600
2,4.926951219512195,599
2,4.927073170731707,598
2,4.927195121951219,597
2,4.927317073170732,596
2,4.927439024390244,595
2,4.927560975609756,594
2,4.927682926829268,593
2,4.92780487804878,592
2,4.9279268292682925,591
2,4.928048780487805,590
2,4.928170731707317,589
2,4.928292682926829,588
2,4.928414634146342,587
2,4.928536585365854,586
2,4.928658536585366,585
2,4.928780487804878,584
2,4.92890243902439,583
2,4.929024390243902,582
2,4.929146341463414,581
2,4.929268292682927,580
2,4.929390243902439,579
2,4.929512195121951,578
2,4.9296341463414635,577
2,4.9297560975609755,576
2,4.929878048780488,575
2,4.93,574
2,4.930121951219512,573
2,4.930243902439024,572
2,4.930365853658537,571
2,4.930487804878049,570
2,4.930609756097561,569
2,4.930731707317073,568
2,4.930853658536585,567
2,4.930975609756097,566
2,4.931097560975609,565
2,4.931219512195122,564
2,4.931341463414634,563
2,4.9314634146341465,562
2,4.931585365853659,561
2,4.931707317073171,560
2,4.931829268292683,559
2,4.931951219512195,558
2,4.932073170731707,557
2,4.932195121951219,556
2,4.932317073170732,555
2,4.932439024390244,554
2,4.932560975609756,553
2,4.932682926829268,552
2,4.93280487804878,551
2,4.932926829268292,550
2,4.9330487804878045,549
2,4.9331707317073175,548
2,4.9332926829268295,547
2,4.933414634146342,546
2,4.933536585365854,545
2,4.933658536585366,544
2,4.933780487804878,543
2,4.93390243902439,542
2,4.934024390243902,541
2,4.934146341463414,540
2,4.934268292682927,539
2,4.934390243902439,538
2,4.934512195121951,537
2,4.934634146341463,536
2,4.934756097560975,535
2,4.9348780487804875,534
2,4.935,533
2,4.935121951219513,532
2,4.935243902439025,531
2,4.935365853658537,530
2,4.935487804878049,529
2,4.935609756097561,528
2,4.935731707317073,527
2,4.935853658536585,526
2,4.935975609756097,525
2,4.936097560975609,524
2,4.936219512195122,523
2,4.936341463414634,522
2,4.936463414634146,521
2,4.9365853658536585,520
2,4.936707317073171,519
2,4.936829268292683,518
2,4.936951219512195,517
2,4.937073170731708,516
2,4.93719512195122,515
2,4.937317073170732,514
2,4.937439024390244,513
2,4.937560975609756,512
2,4.937682926829268,511
2,4.93780487804878,510
2,4.937926829268292,509
2,4.938048780487804,508
2,4.938170731707317,507
2,4.938292682926829,506
2,4.9384146341463415,505
2,4.938536585365854,504
2,4.938658536585366,503
2,4.938780487804878,502
2,4.93890243902439,501
2,4.939024390243903,500
2,4.939146341463415,499
2,4.939268292682927,498
2,4.939390243902439,497
2,4.939512195121951,496
2,4.939634146341463,495
2,4.939756097560975,494
2,4.939878048780487,493
2,4.9399999999999995,492
2,4.9401219512195125,491
2,4.940243902439025,490
2,4.940365853658537,489
2,4.940487804878049,488
2,4.940609756097561,487
2,4.940731707317073,486
2,4.940853658536585,485
2,4.940975609756098,484
2,4.94109756097561,483
2,4.941219512195122,482
2,4.941341463414634,481
2,4.941463414634146,480
2,4.941585365853658,479
2,4.9417073170731705,478
2,4.9418292682926825,477
2,4.941951219512195,476
2,4.942073170731708,475
2,4.94219512195122,474
2,4.942317073170732,473
2,4.942439024390244,472
2,4.942560975609756,471
2,4.942682926829268,470
2,4.94280487804878,469
2,4.942926829268293,468
2,4.943048780487805,467
2,4.943170731707317,466
2,4.943292682926829,465
2,4.943414634146341,464
2,4.9435365853658535,463
2,4.943658536585366,462
2,4.943780487804878,461
2,4.94390243902439,460
2,4.944024390243903,459
2,4.944146341463415,458
2,4.944268292682927,457
2,4.944390243902439,456
2,4.944512195121951,455
2,4.944634146341463,454
2,4.944756097560975,453
2,4.944878048780488,452
2,4.945,451
2,4.945121951219512,450
2,4.9452439024390245,449
2,4.9453658536585365,448
2,4.945487804878049,447
2,4.945609756097561,446
2,4.945731707317073,445
2,4.945853658536585,444
2,4.945975609756098,443
2,4.94609756097561,442
2,4.946219512195122,441
2,4.946341463414634,440
2,4.946463414634146,439
2,4.946585365853658,438
2,4.94670731707317,437
2,4.946829268292683,436
2,4.946951219512195,435
2,4.9470731707317075,434
2,4.94719512195122,433
2,4.947317073170732,432
2,4.947439024390244,431
2,4.947560975609756,430
2,4.947682926829268,429
2,4.94780487804878,428
2,4.947926829268293,427
2,4.948048780487805,426
2,4.948170731707317,425
2,4.948292682926829,424
2,4.948414634146341,423
2,4.948536585365853,422
2,4.9486585365853655,421
2,4.9487804878048784,420
2,4.9489024390243905,419
2,4.949024390243903,418
2,4.949146341463415,417
2,4.949268292682927,416
2,4.949390243902439,415
2,4.949512195121951,414
2,4.949634146341463,413
2,4.949756097560975,412
2,4.949878048780488,411
2,4.95,410
2,4.950121951219512,409
2,4.950243902439024,408
2,4.950365853658536,407
2,4.9504878048780485,406
2,4.950609756097561,405
2,4.950731707317074,404
2,4.950853658536586,403
2,4.950975609756098,402
2,4.95109756097561,401
2,4.951219512195122,400
2,4.951341463414634,399
2,4.951463414634146,398
2,4.951585365853658,397
2,4.95170731707317,396
2,4.951829268292683,395
2,4.951951219512195,394
2,4.952073170731707,393
2,4.9521951219512195,392
2,4.9523170731707316,391
2,4.952439024390244,390
2,4.952560975609756,389
2,4.952682926829269,388
2,4.952804878048781,387
2,4.952926829268293,386
2,4.953048780487805,385
2,4.953170731707317,384
2,4.953292682926829,383
2,4.953414634146341,382
2,4.953536585365853,381
2,4.953658536585365,380
2,4.953780487804878,379
2,4.95390243902439,378
2,4.9540243902439025,377
2,4.954146341463415,376
2,4.954268292682927,375
2,4.954390243902439,374
2,4.954512195121951,373
2,4.954634146341464,372
2,4.954756097560976,371
2,4.954878048780488,370
2,4.955,369
2,4.955121951219512,368
2,4.955243902439024,367
2,4.955365853658536,366
2,4.955487804878048,365
2,4.9556097560975605,364
2,4.9557317073170735,363
2,4.9558536585365855,362
2,4.955975609756098,361
2,4.95609756097561,360
2,4.956219512195122,359
2,4.956341463414634,358
2,4.956463414634146,357
2,4.956585365853659,356
2,4.956707317073171,355
2,4.956829268292683,354
2,4.956951219512195,353
2,4.957073170731707,352
2,4.957195121951219,351
2,4.9573170731707314,350
2,4.9574390243902435,349
2,4.957560975609756,348
2,4.957682926829269,347
2,4.957804878048781,346
2,4.957926829268293,345
2,4.958048780487805,344
2,4.958170731707317,343
2,4.958292682926829,342
2,4.958414634146341,341
2,4.958536585365854,340
2,4.958658536585366,339
2,4.958780487804878,338
2,4.95890243902439,337
2,4.959024390243902,336
2,4.9591463414634145,335
2,4.959268292682927,334
2,4.959390243902439,333
2,4.959512195121951,332
2,4.959634146341464,331
2,4.959756097560976,330
2,4.959878048780488,329
2,4.96,328
2,4.960121951219512,327
2,4.960243902439024,326
2,4.960365853658536,325
2,4.960487804878049,324
2,4.960609756097561,323
2,4.960731707317073,322
2,4.960853658536585,321
2,4.9609756097560975,320
2,4.96109756097561,319
2,4.961219512195122,318
2,4.961341463414634,317
2,4.961463414634146,316
2,4.961585365853659,315
2,4.961707317073171,314
2,4.961829268292683,313
2,4.961951219512195,312
2,4.962073170731707,311
2,4.962195121951219,310
2,4.962317073170731,309
2,4.962439024390244,308
2,4.962560975609756,307
2,4.9626829268292685,306
2,4.962804878048781,305
2,4.962926829268293,304
2,4.963048780487805,303
2,4.963170731707317,302
2,4.963292682926829,301
2,4.963414634146341,300
2,4.963536585365854,299
2,4.963658536585366,298
2,4.963780487804878,297
2,4.96390243902439,296
2,4.964024390243902,295
2,4.964146341463414,294
2,4.9642682926829265,293
2,4.964390243902439,292
2,4.9645121951219515,291
2,4.964634146341464,290
2,4.964756097560976,289
2,4.964878048780488,288
2,4.965,287
2,4.965121951219512,286
2,4.965243902439024,285
2,4.965365853658536,284
2,4.965487804878049,283
2,4.965609756097561,282
2,4.965731707317073,281
2,4.965853658536585,280
2,4.965975609756097,279
2,4.9660975609756095,278
2,4.966219512195122,277
2,4.966341463414635,276
2,4.966463414634147,275
2,4.966585365853659,274
2,4.966707317073171,273
2,4.966829268292683,272
2,4.966951219512195,271
2,4.967073170731707,270
2,4.967195121951219,269
2,4.967317073170731,268
2,4.967439024390244,267
2,4.967560975609756,266
2,4.967682926829268,265
2,4.9678048780487805,264
2,4.9679268292682925,263
2,4.968048780487805,262
2,4.968170731707317,261
2,4.96829268292683,260
2,4.968414634146342,259
2,4.968536585365854,258
2,4.968658536585366,257
2,4.968780487804878,256
2,4.96890243902439,255
2,4.969024390243902,254
2,4.969146341463414,253
2,4.969268292682926,252
2,4.969390243902439,251
2,4.969512195121951,250
2,4.9696341463414635,249
2,4.969756097560976,248
2,4.969878048780488,247
2,4.97,246
2,4.970121951219512,245
2,4.970243902439025,244
2,4.970365853658537,243
2,4.970487804878049,242
2,4.970609756097561,241
2,4.970731707317073,240
2,4.970853658536585,239
2,4.970975609756097,238
2,4.971097560975609,237
2,4.9712195121951215,236
2,4.9713414634146345,235
2,4.9714634146341465,234
2,4.971585365853659,233
2,4.971707317073171,232
2,4.971829268292683,231
2,4.971951219512195,230
2,4.972073170731707,229
2,4.97219512195122,228
2,4.972317073170732,227
2,4.972439024390244,226
2,4.972560975609756,225
2,4.972682926829268,224
2,4.97280487804878,223
2,4.972926829268292,222
2,4.9730487804878045,221
2,4.973170731707317,220
2,4.97329268292683,219
2,4.973414634146342,218
2,4.973536585365854,217
2,4.973658536585366,216
2,4.973780487804878,215
2,4.97390243902439,214
2,4.974024390243902,213
2,4.974146341463415,212
2,4.974268292682927,211
2,4.974390243902439,210
2,4.974512195121951,209
2,4.974634146341463,208
2,4.9747560975609755,207
2,4.974878048780488,206
2,4.975,205
2,4.975121951219512,204
2,4.975243902439025,203
2,4.975365853658537,202
2,4.975487804878049,201
2,4.975609756097561,200
2,4.975731707317073,199
2,4.975853658536585,198
2,4.975975609756097,197
2,4.97609756097561,196
2,4.976219512195122,195
2,4.976341463414634,194
2,4.976463414634146,193
2,4.9765853658536585,192
2,4.976707317073171,191
2,4.976829268292683,190
2,4.976951219512195,189
2,4.977073170731707,188
2,4.97719512195122,187
2,4.977317073170732,186
2,4.977439024390244,185
2,4.977560975609756,184
2,4.977682926829268,183
2,4.97780487804878,182
2,4.977926829268292,181
2,4.978048780487805,180
2,4.978170731707317,179
2,4.9782926829268295,178
2,4.9784146341463416,177
2,4.978536585365854,176
2,4.978658536585366,175
2,4.978780487804878,174
2,4.97890243902439,173
2,4.979024390243902,172
2,4.979146341463415,171
2,4.979268292682927,170
2,4.979390243902439,169
2,4.979512195121951,168
2,4.979634146341463,167
2,4.979756097560975,166
2,4.9798780487804875,165
2,4.98,164
2,4.9801219512195125,163
2,4.980243902439025,162
2,4.980365853658537,161
2,4.980487804878049,160
2,4.980609756097561,159
2,4.980731707317073,158
2,4.980853658536585,157
2,4.980975609756097,156
2,4.98109756097561,155
2,4.981219512195122,154
2,4.981341463414634,153
2,4.981463414634146,152
2,4.981585365853658,151
2,4.9817073170731705,150
2,4.981829268292683,149
2,4.9819512195121956,148
2,4.982073170731708,147
2,4.98219512195122,146
2,4.982317073170732,145
2,4.982439024390244,144
2,4.982560975609756,143
2,4.982682926829268,142
2,4.98280487804878,141
2,4.982926829268292,140
2,4.983048780487805,139
2,4.983170731707317,138
2,4.983292682926829,137
2,4.9834146341463414,136
2,4.9835365853658535,135
2,4.983658536585366,134
2,4.983780487804878,133
2,4.983902439024391,132
2,4.984024390243903,131
2,4.984146341463415,130
2,4.984268292682927,129
2,4.984390243902439,128
2,4.984512195121951,127
2,4.984634146341463,126
2,4.984756097560975,125
2,4.984878048780487,124
2,4.985,123
2,4.985121951219512,122
2,4.9852439024390245,121
2,4.985365853658537,120
2,4.985487804878049,119
2,4.985609756097561,118
2,4.985731707317073,117
2,4.985853658536586,116
2,4.985975609756098,115
2,4.98609756097561,114
2,4.986219512195122,113
2,4.986341463414634,112
2,4.986463414634146,111
2,4.986585365853658,110
2,4.98670731707317,109
2,4.9868292682926825,108
2,4.986951219512195,107
2,4.9870731707317075,106
2,4.98719512195122,105
2,4.987317073170732,104
2,4.987439024390244,103
2,4.987560975609756,102
2,4.987682926829268,101
2,4.987804878048781,100
2,4.987926829268293,99
2,4.988048780487805,98
2,4.988170731707317,97
2,4.988292682926829,96
2,4.988414634146341,95
2,4.988536585365853,94
2,4.9886585365853655,93
2,4.988780487804878,92
2,4.988902439024391,91
2,4.989024390243903,90
2,4.989146341463415,89
2,4.989268292682927,88
2,4.989390243902439,87
2,4.989512195121951,86
2,4.989634146341463,85
2,4.989756097560976,84
2,4.989878048780488,83
2,4.99,82
2,4.990121951219512,81
2,4.990243902439024,80
2,4.9903658536585365,79
2,4.9904878048780485,78
2,4.990609756097561,77
2,4.990731707317073,76
2,4.990853658536586,75
2,4.990975609756098,74
2,4.99109756097561,73
2,4.991219512195122,72
2,4.991341463414634,71
2,4.991463414634146,70
2,4.991585365853658,69
2,4.991707317073171,68
2,4.991829268292683,67
2,4.991951219512195,66
2,4.992073170731707,65
2,4.9921951219512195,64
2,4.992317073170732,63
2,4.992439024390244,62
2,4.992560975609756,61
2,4.992682926829268,60
2,4.992804878048781,59
2,4.992926829268293,58
2,4.993048780487805,57
2,4.993170731707317,56
2,4.993292682926829,55
2,4.993414634146341,54
2,4.993536585365853,53
2,4.993658536585366,52
2,4.993780487804878,51
2,4.9939024390243905,50
2,4.9940243902439025,49
2,4.994146341463415,48
2,4.994268292682927,47
2,4.994390243902439,46
2,4.994512195121951,45
2,4.994634146341463,44
2,4.994756097560976,43
2,4.994878048780488,42
2,4.995,41
2,4.995121951219512,40
2,4.995243902439024,39
2,4.995365853658536,38
2,4.995487804878048,37
2,4.995609756097561,36
2,4.9957317073170735,35
2,4.995853658536586,34
2,4.995975609756098,33
2,4.99609756097561,32
2,4.996219512195122,31
2,4.996341463414634,30
2,4.996463414634146,29
2,4.996585365853658,28
2,4.996707317073171,27
2,4.996829268292683,26
2,4.996951219512195,25
2,4.997073170731707,24
2,4.997195121951219,23
2,4.9973170731707315,22
2,4.997439024390244,21
2,4.9975609756097565,20
2,4.997682926829269,19
2,4.997804878048781,18
2,4.997926829268293,17
2,4.998048780487805,16
2,4.998170731707317,15
2,4.998292682926829,14
2,4.998414634146341,13
2,4.998536585365853,12
2,4.998658536585366,11
2,4.998780487804878,10
2,4.99890243902439,9
2,4.999024390243902,8
2,4.9991463414634145,7
2,4.999268292682927,6
2,4.999390243902439,5
2,4.999512195121952,4
2,4.999634146341464,3
2,4.999756097560976,2
2,4.999878048780488,1
