# Preset Configuration File
# layer type, velocity(km/s), radius(km)
0,5.1,1737
0,5.128333333333333,1736
0,5.156666666666666,1735
0,5.185,1734
0,5.213333333333333,1733
0,5.241666666666666,1732
0,5.27,1731
0,5.298333333333333,1730
0,5.326666666666666,1729
0,5.3549999999999995,1728
0,5.383333333333333,1727
0,5.411666666666666,1726
0,5.4399999999999995,1725
0,5.468333333333333,1724
0,5.496666666666666,1723
0,5.5249999999999995,1722
0,5.553333333333333,1721
0,5.581666666666666,1720
0,5.609999999999999,1719
0,5.638333333333333,1718
0,5.666666666666666,1717
0,5.694999999999999,1716
0,5.723333333333333,1715
0,5.751666666666666,1714
0,5.779999999999999,1713
0,5.808333333333333,1712
0,5.836666666666666,1711
0,5.864999999999999,1710
0,5.893333333333333,1709
0,5.921666666666667,1708
0,5.949999999999999,1707
0,5.9783333333333335,1706
0,6.006666666666666,1705
0,6.035,1704
0,6.063333333333333,1703
0,6.091666666666667,1702
0,6.119999999999999,1701
0,6.148333333333333,1700
0,6.176666666666666,1699
0,6.205,1698
0,6.2333333333333325,1697
0,6.261666666666667,1696
0,6.29,1695
0,6.318333333333333,1694
0,6.346666666666667,1693
0,6.375,1692
0,6.403333333333333,1691
0,6.431666666666667,1690
0,6.46,1689
0,6.488333333333333,1688
0,6.516666666666667,1687
0,6.545,1686
0,6.573333333333333,1685
0,6.601666666666667,1684
0,6.63,1683
0,6.658333333333333,1682
0,6.6866666666666665,1681
0,6.715,1680
0,6.743333333333333,1679
0,6.7716666666666665,1678
1,7.7,1677
1,7.699925261584455,1676
1,7.699850523168909,1675
1,7.699775784753363,1674
1,7.699701046337818,1673
1,7.699626307922272,1672
1,7.699551569506727,1671
1,7.699476831091181,1670
1,7.699402092675635,1669
1,7.69932735426009,1668
1,7.699252615844545,1667
1,7.6991778774289985,1666
1,7.699103139013453,1665
1,7.699028400597908,1664
1,7.698953662182362,1663
1,7.6988789237668165,1662
1,7.69880418535127,1661
1,7.698729446935725,1660
1,7.69865470852018,1659
1,7.698579970104634,1658
1,7.698505231689088,1657
1,7.698430493273543,1656
1,7.698355754857997,1655
1,7.6982810164424516,1654
1,7.698206278026906,1653
1,7.69813153961136,1652
1,7.698056801195815,1651
1,7.6979820627802695,1650
1,7.697907324364723,1649
1,7.697832585949178,1648
1,7.697757847533633,1647
1,7.697683109118087,1646
1,7.697608370702541,1645
1,7.697533632286996,1644
1,7.69745889387145,1643
1,7.697384155455905,1642
1,7.697309417040359,1641
1,7.697234678624813,1640
1,7.697159940209268,1639
1,7.697085201793723,1638
1,7.697010463378176,1637
1,7.696935724962631,1636
1,7.696860986547085,1635
1,7.69678624813154,1634
1,7.696711509715994,1633
1,7.696636771300448,1632
1,7.696562032884903,1631
1,7.696487294469358,1630
1,7.6964125560538115,1629
1,7.696337817638266,1628
1,7.696263079222721,1627
1,7.696188340807175,1626
1,7.6961136023916294,1625
1,7.696038863976084,1624
1,7.695964125560538,1623
1,7.695889387144993,1622
1,7.695814648729447,1621
1,7.695739910313901,1620
1,7.695665171898356,1619
1,7.695590433482811,1618
1,7.6955156950672645,1617
1,7.695440956651719,1616
1,7.695366218236174,1615
1,7.695291479820628,1614
1,7.6952167414050825,1613
1,7.695142002989537,1612
1,7.695067264573991,1611
1,7.694992526158446,1610
1,7.6949177877429,1609
1,7.694843049327354,1608
1,7.694768310911809,1607
1,7.694693572496263,1606
1,7.694618834080718,1605
1,7.694544095665172,1604
1,7.694469357249626,1603
1,7.694394618834081,1602
1,7.6943198804185355,1601
1,7.694245142002989,1600
1,7.694170403587444,1599
1,7.694095665171899,1598
1,7.694020926756353,1597
1,7.693946188340807,1596
1,7.693871449925262,1595
1,7.693796711509716,1594
1,7.693721973094171,1593
1,7.693647234678625,1592
1,7.693572496263079,1591
1,7.693497757847534,1590
1,7.693423019431989,1589
1,7.693348281016442,1588
1,7.693273542600897,1587
1,7.693198804185352,1586
1,7.693124065769806,1585
1,7.69304932735426,1584
1,7.692974588938714,1583
1,7.692899850523169,1582
1,7.692825112107624,1581
1,7.6927503736920775,1580
1,7.692675635276532,1579
1,7.692600896860987,1578
1,7.692526158445441,1577
1,7.6924514200298955,1576
1,7.69237668161435,1575
1,7.692301943198804,1574
1,7.692227204783259,1573
1,7.692152466367713,1572
1,7.692077727952167,1571
1,7.692002989536622,1570
1,7.691928251121077,1569
1,7.6918535127055305,1568
1,7.691778774289985,1567
1,7.69170403587444,1566
1,7.691629297458894,1565
1,7.6915545590433485,1564
1,7.691479820627803,1563
1,7.691405082212257,1562
1,7.691330343796712,1561
1,7.6912556053811665,1560
1,7.69118086696562,1559
1,7.691106128550075,1558
1,7.691031390134529,1557
1,7.690956651718984,1556
1,7.690881913303438,1555
1,7.690807174887892,1554
1,7.690732436472347,1553
1,7.6906576980568016,1552
1,7.690582959641255,1551
1,7.69050822122571,1550
1,7.690433482810165,1549
1,7.690358744394619,1548
1,7.690284005979073,1547
1,7.690209267563528,1546
1,7.690134529147982,1545
1,7.690059790732437,1544
1,7.689985052316891,1543
1,7.689910313901345,1542
1,7.6898355754858,1541
1,7.689760837070255,1540
1,7.689686098654708,1539
1,7.689611360239163,1538
1,7.689536621823618,1537
1,7.689461883408072,1536
1,7.689387144992526,1535
1,7.689312406576981,1534
1,7.689237668161435,1533
1,7.68916292974589,1532
1,7.6890881913303435,1531
1,7.689013452914798,1530
1,7.688938714499253,1529
1,7.688863976083707,1528
1,7.6887892376681615,1527
1,7.688714499252616,1526
1,7.68863976083707,1525
1,7.688565022421525,1524
1,7.6884902840059794,1523
1,7.688415545590433,1522
1,7.688340807174888,1521
1,7.688266068759343,1520
1,7.6881913303437965,1519
1,7.688116591928251,1518
1,7.688041853512706,1517
1,7.68796711509716,1516
1,7.6878923766816145,1515
1,7.687817638266069,1514
1,7.687742899850523,1513
1,7.687668161434978,1512
1,7.6875934230194325,1511
1,7.687518684603886,1510
1,7.687443946188341,1509
1,7.687369207772796,1508
1,7.68729446935725,1507
1,7.687219730941704,1506
1,7.687144992526158,1505
1,7.687070254110613,1504
1,7.686995515695068,1503
1,7.686920777279521,1502
1,7.686846038863976,1501
1,7.686771300448431,1500
1,7.686696562032885,1499
1,7.686621823617339,1498
1,7.686547085201794,1497
1,7.686472346786248,1496
1,7.686397608370703,1495
1,7.686322869955157,1494
1,7.686248131539611,1493
1,7.686173393124066,1492
1,7.686098654708521,1491
1,7.686023916292974,1490
1,7.685949177877429,1489
1,7.685874439461884,1488
1,7.685799701046338,1487
1,7.685724962630792,1486
1,7.685650224215247,1485
1,7.685575485799701,1484
1,7.685500747384156,1483
1,7.68542600896861,1482
1,7.685351270553064,1481
1,7.685276532137519,1480
1,7.685201793721973,1479
1,7.6851270553064275,1478
1,7.685052316890882,1477
1,7.684977578475336,1476
1,7.684902840059791,1475
1,7.6848281016442455,1474
1,7.684753363228699,1473
1,7.684678624813154,1472
1,7.684603886397609,1471
1,7.6845291479820625,1470
1,7.684454409566517,1469
1,7.684379671150972,1468
1,7.684304932735426,1467
1,7.6842301943198805,1466
1,7.684155455904335,1465
1,7.684080717488789,1464
1,7.684005979073244,1463
1,7.6839312406576985,1462
1,7.683856502242152,1461
1,7.683781763826607,1460
1,7.683707025411062,1459
1,7.683632286995516,1458
1,7.68355754857997,1457
1,7.683482810164425,1456
1,7.683408071748879,1455
1,7.683333333333334,1454
1,7.683258594917787,1453
1,7.683183856502242,1452
1,7.683109118086697,1451
1,7.683034379671151,1450
1,7.682959641255605,1449
1,7.68288490284006,1448
1,7.682810164424514,1447
1,7.682735426008969,1446
1,7.682660687593423,1445
1,7.682585949177877,1444
1,7.682511210762332,1443
1,7.682436472346787,1442
1,7.68236173393124,1441
1,7.682286995515695,1440
1,7.68221225710015,1439
1,7.682137518684604,1438
1,7.682062780269058,1437
1,7.681988041853513,1436
1,7.681913303437967,1435
1,7.681838565022422,1434
1,7.681763826606876,1433
1,7.68168908819133,1432
1,7.681614349775785,1431
1,7.68153961136024,1430
1,7.6814648729446935,1429
1,7.681390134529148,1428
1,7.681315396113602,1427
1,7.681240657698057,1426
1,7.6811659192825115,1425
1,7.681091180866965,1424
1,7.68101644245142,1423
1,7.680941704035875,1422
1,7.680866965620329,1421
1,7.680792227204783,1420
1,7.680717488789238,1419
1,7.680642750373692,1418
1,7.6805680119581465,1417
1,7.680493273542601,1416
1,7.680418535127055,1415
1,7.68034379671151,1414
1,7.6802690582959645,1413
1,7.680194319880418,1412
1,7.680119581464873,1411
1,7.680044843049328,1410
1,7.679970104633782,1409
1,7.679895366218236,1408
1,7.679820627802691,1407
1,7.679745889387145,1406
1,7.6796711509716,1405
1,7.679596412556054,1404
1,7.679521674140508,1403
1,7.679446935724963,1402
1,7.679372197309417,1401
1,7.679297458893871,1400
1,7.679222720478326,1399
1,7.67914798206278,1398
1,7.679073243647235,1397
1,7.678998505231689,1396
1,7.678923766816143,1395
1,7.678849028400598,1394
1,7.678774289985053,1393
1,7.6786995515695065,1392
1,7.678624813153961,1391
1,7.678550074738416,1390
1,7.67847533632287,1389
1,7.678400597907324,1388
1,7.678325859491779,1387
1,7.678251121076233,1386
1,7.678176382660688,1385
1,7.678101644245142,1384
1,7.678026905829596,1383
1,7.677952167414051,1382
1,7.677877428998506,1381
1,7.6778026905829595,1380
1,7.677727952167414,1379
1,7.677653213751869,1378
1,7.677578475336323,1377
1,7.6775037369207775,1376
1,7.677428998505231,1375
1,7.677354260089686,1374
1,7.677279521674141,1373
1,7.677204783258595,1372
1,7.677130044843049,1371
1,7.677055306427504,1370
1,7.676980568011958,1369
1,7.6769058295964125,1368
1,7.676831091180867,1367
1,7.676756352765321,1366
1,7.676681614349776,1365
1,7.6766068759342305,1364
1,7.676532137518684,1363
1,7.676457399103139,1362
1,7.676382660687594,1361
1,7.676307922272048,1360
1,7.676233183856502,1359
1,7.676158445440957,1358
1,7.676083707025411,1357
1,7.676008968609866,1356
1,7.67593423019432,1355
1,7.675859491778774,1354
1,7.675784753363229,1353
1,7.675710014947684,1352
1,7.675635276532137,1351
1,7.675560538116592,1350
1,7.675485799701047,1349
1,7.675411061285501,1348
1,7.675336322869955,1347
1,7.675261584454409,1346
1,7.675186846038864,1345
1,7.675112107623319,1344
1,7.6750373692077725,1343
1,7.674962630792227,1342
1,7.674887892376682,1341
1,7.674813153961136,1340
1,7.67473841554559,1339
1,7.674663677130045,1338
1,7.674588938714499,1337
1,7.674514200298954,1336
1,7.674439461883408,1335
1,7.674364723467862,1334
1,7.674289985052317,1333
1,7.674215246636772,1332
1,7.6741405082212255,1331
1,7.67406576980568,1330
1,7.673991031390135,1329
1,7.673916292974589,1328
1,7.6738415545590435,1327
1,7.673766816143498,1326
1,7.673692077727952,1325
1,7.673617339312407,1324
1,7.6735426008968615,1323
1,7.673467862481315,1322
1,7.67339312406577,1321
1,7.673318385650224,1320
1,7.6732436472346786,1319
1,7.673168908819133,1318
1,7.673094170403587,1317
1,7.673019431988042,1316
1,7.6729446935724965,1315
1,7.67286995515695,1314
1,7.672795216741405,1313
1,7.67272047832586,1312
1,7.672645739910314,1311
1,7.672571001494768,1310
1,7.672496263079223,1309
1,7.672421524663677,1308
1,7.672346786248132,1307
1,7.672272047832586,1306
1,7.67219730941704,1305
1,7.672122571001495,1304
1,7.67204783258595,1303
1,7.671973094170403,1302
1,7.671898355754858,1301
1,7.671823617339313,1300
1,7.671748878923767,1299
1,7.671674140508221,1298
1,7.671599402092676,1297
1,7.67152466367713,1296
1,7.671449925261585,1295
1,7.6713751868460385,1294
1,7.671300448430493,1293
1,7.671225710014948,1292
1,7.671150971599402,1291
1,7.6710762331838565,1290
1,7.671001494768311,1289
1,7.670926756352765,1288
1,7.67085201793722,1287
1,7.670777279521674,1286
1,7.670702541106128,1285
1,7.670627802690583,1284
1,7.670553064275038,1283
1,7.6704783258594915,1282
1,7.670403587443946,1281
1,7.670328849028401,1280
1,7.670254110612855,1279
1,7.6701793721973095,1278
1,7.670104633781764,1277
1,7.670029895366218,1276
1,7.669955156950673,1275
1,7.6698804185351275,1274
1,7.669805680119581,1273
1,7.669730941704036,1272
1,7.669656203288491,1271
1,7.669581464872945,1270
1,7.669506726457399,1269
1,7.669431988041853,1268
1,7.669357249626308,1267
1,7.6692825112107625,1266
1,7.669207772795216,1265
1,7.669133034379671,1264
1,7.669058295964126,1263
1,7.66898355754858,1262
1,7.668908819133034,1261
1,7.668834080717489,1260
1,7.668759342301943,1259
1,7.668684603886398,1258
1,7.668609865470852,1257
1,7.668535127055306,1256
1,7.668460388639761,1255
1,7.668385650224216,1254
1,7.668310911808669,1253
1,7.668236173393124,1252
1,7.668161434977579,1251
1,7.668086696562033,1250
1,7.668011958146487,1249
1,7.667937219730942,1248
1,7.667862481315396,1247
1,7.667787742899851,1246
1,7.667713004484305,1245
1,7.667638266068759,1244
1,7.667563527653214,1243
1,7.667488789237668,1242
1,7.6674140508221225,1241
1,7.667339312406577,1240
1,7.667264573991031,1239
1,7.667189835575486,1238
1,7.66711509715994,1237
1,7.667040358744394,1236
1,7.666965620328849,1235
1,7.666890881913304,1234
1,7.6668161434977575,1233
1,7.666741405082212,1232
1,7.666666666666667,1231
1,7.666591928251121,1230
1,7.6665171898355755,1229
1,7.66644245142003,1228
1,7.666367713004484,1227
1,7.666292974588939,1226
1,7.6662182361733935,1225
1,7.666143497757847,1224
1,7.666068759342302,1223
1,7.665994020926757,1222
1,7.665919282511211,1221
1,7.665844544095665,1220
1,7.66576980568012,1219
1,7.665695067264574,1218
1,7.6656203288490286,1217
1,7.665545590433482,1216
1,7.665470852017937,1215
1,7.665396113602392,1214
1,7.665321375186846,1213
1,7.6652466367713,1212
1,7.665171898355755,1211
1,7.665097159940209,1210
1,7.665022421524664,1209
1,7.664947683109118,1208
1,7.664872944693572,1207
1,7.664798206278027,1206
1,7.664723467862482,1205
1,7.664648729446935,1204
1,7.66457399103139,1203
1,7.664499252615845,1202
1,7.664424514200299,1201
1,7.664349775784753,1200
1,7.664275037369208,1199
1,7.664200298953662,1198
1,7.664125560538117,1197
1,7.664050822122571,1196
1,7.663976083707025,1195
1,7.66390134529148,1194
1,7.663826606875935,1193
1,7.6637518684603885,1192
1,7.663677130044843,1191
1,7.663602391629297,1190
1,7.663527653213752,1189
1,7.6634529147982065,1188
1,7.66337817638266,1187
1,7.663303437967115,1186
1,7.66322869955157,1185
1,7.6631539611360235,1184
1,7.663079222720478,1183
1,7.663004484304933,1182
1,7.662929745889387,1181
1,7.6628550074738415,1180
1,7.662780269058296,1179
1,7.66270553064275,1178
1,7.662630792227205,1177
1,7.6625560538116595,1176
1,7.662481315396113,1175
1,7.662406576980568,1174
1,7.662331838565023,1173
1,7.662257100149477,1172
1,7.662182361733931,1171
1,7.662107623318386,1170
1,7.66203288490284,1169
1,7.661958146487295,1168
1,7.661883408071749,1167
1,7.661808669656203,1166
1,7.661733931240658,1165
1,7.661659192825112,1164
1,7.661584454409566,1163
1,7.661509715994021,1162
1,7.661434977578475,1161
1,7.66136023916293,1160
1,7.661285500747384,1159
1,7.661210762331838,1158
1,7.661136023916293,1157
1,7.661061285500748,1156
1,7.660986547085201,1155
1,7.660911808669656,1154
1,7.660837070254111,1153
1,7.660762331838565,1152
1,7.660687593423019,1151
1,7.660612855007474,1150
1,7.660538116591928,1149
1,7.660463378176383,1148
1,7.660388639760837,1147
1,7.660313901345291,1146
1,7.660239162929746,1145
1,7.660164424514201,1144
1,7.6600896860986545,1143
1,7.660014947683109,1142
1,7.659940209267564,1141
1,7.659865470852018,1140
1,7.6597907324364725,1139
1,7.659715994020926,1138
1,7.659641255605381,1137
1,7.659566517189836,1136
1,7.6594917787742895,1135
1,7.659417040358744,1134
1,7.659342301943199,1133
1,7.659267563527653,1132
1,7.6591928251121075,1131
1,7.659118086696562,1130
1,7.659043348281016,1129
1,7.658968609865471,1128
1,7.6588938714499255,1127
1,7.658819133034379,1126
1,7.658744394618834,1125
1,7.658669656203289,1124
1,7.658594917787743,1123
1,7.658520179372197,1122
1,7.658445440956652,1121
1,7.658370702541106,1120
1,7.658295964125561,1119
1,7.658221225710015,1118
1,7.658146487294469,1117
1,7.658071748878924,1116
1,7.6579970104633786,1115
1,7.657922272047832,1114
1,7.657847533632287,1113
1,7.657772795216741,1112
1,7.657698056801196,1111
1,7.65762331838565,1110
1,7.657548579970104,1109
1,7.657473841554559,1108
1,7.657399103139014,1107
1,7.6573243647234674,1106
1,7.657249626307922,1105
1,7.657174887892377,1104
1,7.657100149476831,1103
1,7.657025411061285,1102
1,7.65695067264574,1101
1,7.656875934230194,1100
1,7.656801195814649,1099
1,7.656726457399103,1098
1,7.656651718983557,1097
1,7.656576980568012,1096
1,7.656502242152467,1095
1,7.6564275037369205,1094
1,7.656352765321375,1093
1,7.65627802690583,1092
1,7.656203288490284,1091
1,7.6561285500747385,1090
1,7.656053811659193,1089
1,7.655979073243647,1088
1,7.655904334828102,1087
1,7.655829596412556,1086
1,7.65575485799701,1085
1,7.655680119581465,1084
1,7.655605381165919,1083
1,7.6555306427503735,1082
1,7.655455904334828,1081
1,7.655381165919282,1080
1,7.655306427503737,1079
1,7.6552316890881915,1078
1,7.655156950672645,1077
1,7.6550822122571,1076
1,7.655007473841555,1075
1,7.654932735426009,1074
1,7.654857997010463,1073
1,7.654783258594918,1072
1,7.654708520179372,1071
1,7.654633781763827,1070
1,7.654559043348281,1069
1,7.654484304932735,1068
1,7.65440956651719,1067
1,7.654334828101645,1066
1,7.654260089686098,1065
1,7.654185351270553,1064
1,7.654110612855008,1063
1,7.654035874439462,1062
1,7.653961136023916,1061
1,7.65388639760837,1060
1,7.653811659192825,1059
1,7.65373692077728,1058
1,7.6536621823617335,1057
1,7.653587443946188,1056
1,7.653512705530643,1055
1,7.653437967115097,1054
1,7.653363228699551,1053
1,7.653288490284006,1052
1,7.65321375186846,1051
1,7.653139013452915,1050
1,7.653064275037369,1049
1,7.652989536621823,1048
1,7.652914798206278,1047
1,7.652840059790733,1046
1,7.6527653213751865,1045
1,7.652690582959641,1044
1,7.652615844544096,1043
1,7.65254110612855,1042
1,7.6524663677130045,1041
1,7.652391629297459,1040
1,7.652316890881913,1039
1,7.652242152466368,1038
1,7.6521674140508225,1037
1,7.652092675635276,1036
1,7.652017937219731,1035
1,7.651943198804185,1034
1,7.6518684603886395,1033
1,7.651793721973094,1032
1,7.651718983557548,1031
1,7.651644245142003,1030
1,7.6515695067264575,1029
1,7.651494768310911,1028
1,7.651420029895366,1027
1,7.651345291479821,1026
1,7.651270553064275,1025
1,7.651195814648729,1024
1,7.651121076233184,1023
1,7.651046337817638,1022
1,7.650971599402093,1021
1,7.650896860986547,1020
1,7.650822122571001,1019
1,7.650747384155456,1018
1,7.650672645739911,1017
1,7.650597907324364,1016
1,7.650523168908819,1015
1,7.650448430493274,1014
1,7.650373692077728,1013
1,7.650298953662182,1012
1,7.650224215246637,1011
1,7.650149476831091,1010
1,7.650074738415546,1009
1,7.65,1008
1,7.649925261584454,1007
1,7.649850523168909,1006
1,7.649775784753363,1005
1,7.6497010463378174,1004
1,7.649626307922272,1003
1,7.649551569506726,1002
1,7.649476831091181,1001
1,7.649402092675635,1000
1,7.649327354260089,999
1,7.649252615844544,998
1,7.649177877428999,997
1,7.6491031390134525,996
1,7.649028400597907,995
1,7.648953662182362,994
1,7.648878923766816,993
1,7.6488041853512705,992
1,7.648729446935725,991
1,7.648654708520179,990
1,7.648579970104634,989
1,7.6485052316890885,988
1,7.648430493273542,987
1,7.648355754857997,986
1,7.648281016442452,985
1,7.648206278026906,984
1,7.64813153961136,983
1,7.648056801195814,982
1,7.647982062780269,981
1,7.6479073243647235,980
1,7.647832585949177,979
1,7.647757847533632,978
1,7.647683109118087,977
1,7.647608370702541,976
1,7.647533632286995,975
1,7.64745889387145,974
1,7.647384155455904,973
1,7.647309417040359,972
1,7.647234678624813,971
1,7.647159940209267,970
1,7.647085201793722,969
1,7.647010463378177,968
1,7.64693572496263,967
1,7.646860986547085,966
1,7.64678624813154,965
1,7.646711509715994,964
1,7.646636771300448,963
1,7.646562032884903,962
1,7.646487294469357,961
1,7.646412556053812,960
1,7.646337817638266,959
1,7.64626307922272,958
1,7.646188340807175,957
1,7.64611360239163,956
1,7.6460388639760835,955
1,7.645964125560538,954
1,7.645889387144992,953
1,7.645814648729447,952
1,7.645739910313901,951
1,7.645665171898355,950
1,7.64559043348281,949
1,7.645515695067265,948
1,7.6454409566517185,947
1,7.645366218236173,946
1,7.645291479820628,945
1,7.645216741405082,944
1,7.6451420029895365,943
1,7.645067264573991,942
1,7.644992526158445,941
1,7.6449177877429,940
1,7.6448430493273545,939
1,7.644768310911808,938
1,7.644693572496263,937
1,7.644618834080718,936
1,7.644544095665172,935
1,7.644469357249626,934
1,7.644394618834081,933
1,7.644319880418535,932
1,7.6442451420029895,931
1,7.644170403587444,930
1,7.644095665171898,929
1,7.644020926756353,928
1,7.643946188340807,927
1,7.643871449925261,926
1,7.643796711509716,925
1,7.64372197309417,924
1,7.643647234678625,923
1,7.643572496263079,922
1,7.643497757847533,921
1,7.643423019431988,920
1,7.643348281016443,919
1,7.643273542600896,918
1,7.643198804185351,917
1,7.643124065769806,916
1,7.64304932735426,915
1,7.642974588938714,914
1,7.642899850523169,913
1,7.642825112107623,912
1,7.642750373692078,911
1,7.642675635276532,910
1,7.642600896860986,909
1,7.642526158445441,908
1,7.642451420029896,907
1,7.6423766816143495,906
1,7.642301943198804,905
1,7.642227204783259,904
1,7.642152466367713,903
1,7.642077727952167,902
1,7.642002989536621,901
1,7.641928251121076,900
1,7.641853512705531,899
1,7.6417787742899845,898
1,7.641704035874439,897
1,7.641629297458894,896
1,7.641554559043348,895
1,7.6414798206278025,894
1,7.641405082212257,893
1,7.641330343796711,892
1,7.641255605381166,891
1,7.6411808669656205,890
1,7.641106128550074,889
1,7.641031390134529,888
1,7.640956651718984,887
1,7.640881913303438,886
1,7.640807174887892,885
1,7.640732436472347,884
1,7.640657698056801,883
1,7.640582959641256,882
1,7.64050822122571,881
1,7.640433482810164,880
1,7.640358744394619,879
1,7.6402840059790735,878
1,7.640209267563527,877
1,7.640134529147982,876
1,7.640059790732436,875
1,7.639985052316891,874
1,7.639910313901345,873
1,7.639835575485799,872
1,7.639760837070254,871
1,7.639686098654709,870
1,7.639611360239162,869
1,7.639536621823617,868
1,7.639461883408072,867
1,7.639387144992526,866
1,7.63931240657698,865
1,7.639237668161435,864
1,7.639162929745889,863
1,7.639088191330344,862
1,7.639013452914798,861
1,7.638938714499252,860
1,7.638863976083707,859
1,7.638789237668162,858
1,7.6387144992526155,857
1,7.63863976083707,856
1,7.638565022421525,855
1,7.638490284005979,854
1,7.6384155455904335,853
1,7.638340807174888,852
1,7.638266068759342,851
1,7.638191330343797,850
1,7.6381165919282505,849
1,7.638041853512705,848
1,7.63796711509716,847
1,7.637892376681614,846
1,7.6378176382660685,845
1,7.637742899850523,844
1,7.637668161434977,843
1,7.637593423019432,842
1,7.6375186846038865,841
1,7.63744394618834,840
1,7.637369207772795,839
1,7.63729446935725,838
1,7.637219730941704,837
1,7.637144992526158,836
1,7.637070254110613,835
1,7.636995515695067,834
1,7.636920777279522,833
1,7.636846038863976,832
1,7.63677130044843,831
1,7.636696562032885,830
1,7.6366218236173395,829
1,7.636547085201793,828
1,7.636472346786248,827
1,7.636397608370703,826
1,7.636322869955157,825
1,7.636248131539611,824
1,7.636173393124065,823
1,7.63609865470852,822
1,7.636023916292975,821
1,7.635949177877428,820
1,7.635874439461883,819
1,7.635799701046338,818
1,7.635724962630792,817
1,7.635650224215246,816
1,7.635575485799701,815
1,7.635500747384155,814
1,7.63542600896861,813
1,7.635351270553064,812
1,7.635276532137518,811
1,7.635201793721973,810
1,7.635127055306428,809
1,7.6350523168908815,808
1,7.634977578475336,807
1,7.634902840059791,806
1,7.634828101644245,805
1,7.6347533632286995,804
1,7.634678624813154,803
1,7.634603886397608,802
1,7.634529147982063,801
1,7.634454409566517,800
1,7.634379671150971,799
1,7.634304932735426,798
1,7.63423019431988,797
1,7.6341554559043345,796
1,7.634080717488789,795
1,7.634005979073243,794
1,7.633931240657698,793
1,7.6338565022421525,792
1,7.633781763826606,791
1,7.633707025411061,790
1,7.633632286995516,789
1,7.63355754857997,788
1,7.633482810164424,787
1,7.633408071748879,786
1,7.633333333333333,785
1,7.633258594917788,784
1,7.633183856502242,783
1,7.633109118086696,782
1,7.633034379671151,781
1,7.6329596412556056,780
1,7.632884902840059,779
1,7.632810164424514,778
1,7.632735426008969,777
1,7.632660687593423,776
1,7.632585949177877,775
1,7.632511210762332,774
1,7.632436472346786,773
1,7.632361733931241,772
1,7.6322869955156944,771
1,7.632212257100149,770
1,7.632137518684604,769
1,7.632062780269058,768
1,7.631988041853512,767
1,7.631913303437967,766
1,7.631838565022421,765
1,7.631763826606876,764
1,7.63168908819133,763
1,7.631614349775784,762
1,7.631539611360239,761
1,7.631464872944694,760
1,7.6313901345291475,759
1,7.631315396113602,758
1,7.631240657698057,757
1,7.631165919282511,756
1,7.6310911808669655,755
1,7.63101644245142,754
1,7.630941704035874,753
1,7.630866965620329,752
1,7.6307922272047835,751
1,7.630717488789237,750
1,7.630642750373692,749
1,7.630568011958147,748
1,7.6304932735426005,747
1,7.630418535127055,746
1,7.630343796711509,745
1,7.630269058295964,744
1,7.6301943198804185,743
1,7.630119581464872,742
1,7.630044843049327,741
1,7.629970104633782,740
1,7.629895366218236,739
1,7.62982062780269,738
1,7.629745889387145,737
1,7.629671150971599,736
1,7.629596412556054,735
1,7.629521674140508,734
1,7.629446935724962,733
1,7.629372197309417,732
1,7.629297458893872,731
1,7.629222720478325,730
1,7.62914798206278,729
1,7.629073243647235,728
1,7.628998505231689,727
1,7.628923766816143,726
1,7.628849028400598,725
1,7.628774289985052,724
1,7.628699551569507,723
1,7.628624813153961,722
1,7.628550074738415,721
1,7.62847533632287,720
1,7.628400597907325,719
1,7.628325859491778,718
1,7.628251121076233,717
1,7.628176382660687,716
1,7.628101644245142,715
1,7.628026905829596,714
1,7.62795216741405,713
1,7.627877428998505,712
1,7.62780269058296,711
1,7.6277279521674135,710
1,7.627653213751868,709
1,7.627578475336323,708
1,7.627503736920777,707
1,7.6274289985052315,706
1,7.627354260089686,705
1,7.62727952167414,704
1,7.627204783258595,703
1,7.6271300448430495,702
1,7.627055306427503,701
1,7.626980568011958,700
1,7.626905829596413,699
1,7.6268310911808666,698
1,7.626756352765321,697
1,7.626681614349776,696
1,7.62660687593423,695
1,7.6265321375186845,694
1,7.626457399103138,693
1,7.626382660687593,692
1,7.626307922272048,691
1,7.626233183856502,690
1,7.626158445440956,689
1,7.626083707025411,688
1,7.626008968609865,687
1,7.62593423019432,686
1,7.625859491778774,685
1,7.625784753363228,684
1,7.625710014947683,683
1,7.625635276532138,682
1,7.625560538116591,681
1,7.625485799701046,680
1,7.625411061285501,679
1,7.625336322869955,678
1,7.625261584454409,677
1,7.625186846038864,676
1,7.625112107623318,675
1,7.625037369207773,674
1,7.624962630792227,673
1,7.624887892376681,672
1,7.624813153961136,671
1,7.624738415545591,670
1,7.6246636771300444,669
1,7.624588938714499,668
1,7.624514200298954,667
1,7.624439461883408,666
1,7.624364723467862,665
1,7.624289985052316,664
1,7.624215246636771,663
1,7.624140508221226,662
1,7.6240657698056795,661
1,7.623991031390134,660
1,7.623916292974589,659
1,7.623841554559043,658
1,7.6237668161434975,657
1,7.623692077727952,656
1,7.623617339312406,655
1,7.623542600896861,654
1,7.6234678624813155,653
1,7.623393124065769,652
1,7.623318385650224,651
1,7.623243647234679,650
1,7.623168908819133,649
1,7.623094170403587,648
1,7.623019431988042,647
1,7.622944693572496,646
1,7.6228699551569505,645
1,7.622795216741405,644
1,7.622720478325859,643
1,7.622645739910314,642
1,7.622571001494768,641
1,7.622496263079222,640
1,7.622421524663677,639
1,7.622346786248131,638
1,7.622272047832586,637
1,7.62219730941704,636
1,7.622122571001494,635
1,7.622047832585949,634
1,7.621973094170404,633
1,7.621898355754857,632
1,7.621823617339312,631
1,7.621748878923767,630
1,7.621674140508221,629
1,7.621599402092675,628
1,7.62152466367713,627
1,7.621449925261584,626
1,7.621375186846039,625
1,7.621300448430493,624
1,7.621225710014947,623
1,7.621150971599402,622
1,7.621076233183857,621
1,7.6210014947683105,620
1,7.620926756352765,619
1,7.62085201793722,618
1,7.620777279521674,617
1,7.620702541106128,616
1,7.620627802690583,615
1,7.620553064275037,614
1,7.620478325859492,613
1,7.6204035874439455,612
1,7.6203288490284,611
1,7.620254110612855,610
1,7.620179372197309,609
1,7.6201046337817635,608
1,7.620029895366218,607
1,7.619955156950672,606
1,7.619880418535127,605
1,7.6198056801195815,604
1,7.619730941704035,603
1,7.61965620328849,602
1,7.619581464872945,601
1,7.619506726457399,600
1,7.619431988041853,599
1,7.619357249626308,598
1,7.619282511210762,597
1,7.6192077727952165,596
1,7.619133034379671,595
1,7.619058295964125,594
1,7.61898355754858,593
1,7.6189088191330345,592
1,7.618834080717488,591
1,7.618759342301943,590
1,7.618684603886398,589
1,7.618609865470852,588
1,7.618535127055306,587
1,7.61846038863976,586
1,7.618385650224215,585
1,7.61831091180867,584
1,7.618236173393123,583
1,7.618161434977578,582
1,7.618086696562033,581
1,7.618011958146487,580
1,7.617937219730941,579
1,7.617862481315396,578
1,7.61778774289985,577
1,7.617713004484305,576
1,7.617638266068759,575
1,7.617563527653213,574
1,7.617488789237668,573
1,7.617414050822123,572
1,7.6173393124065765,571
1,7.617264573991031,570
1,7.617189835575486,569
1,7.61711509715994,568
1,7.6170403587443944,567
1,7.616965620328849,566
1,7.616890881913303,565
1,7.616816143497758,564
1,7.616741405082212,563
1,7.616666666666666,562
1,7.616591928251121,561
1,7.616517189835575,560
1,7.6164424514200295,559
1,7.616367713004484,558
1,7.616292974588938,557
1,7.616218236173393,556
1,7.6161434977578475,555
1,7.616068759342301,554
1,7.615994020926756,553
1,7.615919282511211,552
1,7.615844544095665,551
1,7.615769805680119,550
1,7.615695067264574,549
1,7.615620328849028,548
1,7.615545590433483,547
1,7.615470852017937,546
1,7.615396113602391,545
1,7.615321375186846,544
1,7.6152466367713005,543
1,7.615171898355754,542
1,7.615097159940209,541
1,7.615022421524664,540
1,7.614947683109118,539
1,7.614872944693572,538
1,7.614798206278027,537
1,7.614723467862481,536
1,7.614648729446936,535
1,7.614573991031389,534
1,7.614499252615844,533
1,7.614424514200299,532
1,7.614349775784753,531
1,7.614275037369207,530
1,7.614200298953662,529
1,7.614125560538116,528
1,7.614050822122571,527
1,7.613976083707025,526
1,7.613901345291479,525
1,7.613826606875934,524
1,7.613751868460389,523
1,7.6136771300448425,522
1,7.613602391629297,521
1,7.613527653213752,520
1,7.613452914798206,519
1,7.6133781763826605,518
1,7.613303437967115,517
1,7.613228699551569,516
1,7.613153961136024,515
1,7.613079222720478,514
1,7.613004484304932,513
1,7.612929745889387,512
1,7.612855007473842,511
1,7.6127802690582955,510
1,7.61270553064275,509
1,7.612630792227204,508
1,7.612556053811659,507
1,7.6124813153961135,506
1,7.612406576980567,505
1,7.612331838565022,504
1,7.612257100149477,503
1,7.612182361733931,502
1,7.612107623318385,501
1,7.61203288490284,500
1,7.611958146487294,499
1,7.611883408071749,498
1,7.611808669656203,497
1,7.611733931240657,496
1,7.611659192825112,495
1,7.6115844544095665,494
1,7.61150971599402,493
1,7.611434977578475,492
1,7.61136023916293,491
1,7.611285500747384,490
1,7.611210762331838,489
1,7.611136023916293,488
1,7.611061285500747,487
1,7.610986547085202,486
1,7.610911808669656,485
1,7.61083707025411,484
1,7.610762331838565,483
1,7.610687593423019,482
1,7.610612855007473,481
1,7.610538116591928,480
1,7.610463378176382,479
1,7.610388639760837,478
1,7.610313901345291,477
1,7.610239162929745,476
1,7.6101644245142,475
1,7.610089686098655,474
1,7.6100149476831085,473
1,7.609940209267563,472
1,7.609865470852018,471
1,7.609790732436472,470
1,7.6097159940209265,469
1,7.609641255605381,468
1,7.609566517189835,467
1,7.60949177877429,466
1,7.609417040358744,465
1,7.609342301943198,464
1,7.609267563527653,463
1,7.609192825112108,462
1,7.6091180866965615,461
1,7.609043348281016,460
1,7.608968609865471,459
1,7.608893871449925,458
1,7.6088191330343795,457
1,7.608744394618833,456
1,7.608669656203288,455
1,7.608594917787743,454
1,7.608520179372197,453
1,7.608445440956651,452
1,7.608370702541106,451
1,7.60829596412556,450
1,7.608221225710015,449
1,7.608146487294469,448
1,7.608071748878923,447
1,7.607997010463378,446
1,7.607922272047833,445
1,7.607847533632286,444
1,7.607772795216741,443
1,7.607698056801196,442
1,7.60762331838565,441
1,7.607548579970104,440
1,7.607473841554559,439
1,7.607399103139013,438
1,7.607324364723468,437
1,7.607249626307922,436
1,7.607174887892376,435
1,7.607100149476831,434
1,7.607025411061286,433
1,7.606950672645739,432
1,7.606875934230194,431
1,7.606801195814648,430
1,7.606726457399103,429
1,7.606651718983557,428
1,7.606576980568011,427
1,7.606502242152466,426
1,7.606427503736921,425
1,7.6063527653213745,424
1,7.606278026905829,423
1,7.606203288490284,422
1,7.606128550074738,421
1,7.6060538116591925,420
1,7.605979073243647,419
1,7.605904334828101,418
1,7.605829596412556,417
1,7.6057548579970105,416
1,7.605680119581464,415
1,7.605605381165919,414
1,7.605530642750374,413
1,7.6054559043348275,412
1,7.605381165919282,411
1,7.605306427503737,410
1,7.605231689088191,409
1,7.6051569506726455,408
1,7.6050822122571,407
1,7.605007473841554,406
1,7.604932735426009,405
1,7.604857997010463,404
1,7.604783258594917,403
1,7.604708520179372,402
1,7.604633781763826,401
1,7.604559043348281,400
1,7.604484304932735,399
1,7.604409566517189,398
1,7.604334828101644,397
1,7.604260089686099,396
1,7.604185351270552,395
1,7.604110612855007,394
1,7.604035874439462,393
1,7.603961136023916,392
1,7.60388639760837,391
1,7.603811659192825,390
1,7.603736920777279,389
1,7.603662182361734,388
1,7.603587443946188,387
1,7.603512705530642,386
1,7.603437967115097,385
1,7.603363228699552,384
1,7.603288490284005,383
1,7.60321375186846,382
1,7.603139013452915,381
1,7.603064275037369,380
1,7.602989536621823,379
1,7.602914798206278,378
1,7.602840059790732,377
1,7.602765321375187,376
1,7.6026905829596405,375
1,7.602615844544095,374
1,7.60254110612855,373
1,7.602466367713004,372
1,7.6023916292974585,371
1,7.602316890881913,370
1,7.602242152466367,369
1,7.602167414050822,368
1,7.6020926756352765,367
1,7.60201793721973,366
1,7.601943198804185,365
1,7.60186846038864,364
1,7.6017937219730936,363
1,7.601718983557548,362
1,7.601644245142003,361
1,7.601569506726457,360
1,7.6014947683109115,359
1,7.601420029895366,358
1,7.60134529147982,357
1,7.601270553064275,356
1,7.6011958146487295,355
1,7.601121076233183,354
1,7.601046337817638,353
1,7.600971599402092,352
1,7.600896860986547,351
1,7.600822122571001,350
1,7.600747384155455,349
1,7.60067264573991,348
1,7.600597907324365,347
1,7.600523168908818,346
1,7.600448430493273,345
1,7.600373692077728,344
1,7.600298953662182,343
1,7.600224215246636,342
1,7.600149476831091,341
1,7.600074738415545,340
2,4.0,339
2,4.0,338
2,4.0,337
2,4.0,336
2,4.0,335
2,4.0,334
2,4.0,333
2,4.0,332
2,4.0,331
2,4.0,330
2,4.0,329
2,4.0,328
2,4.0,327
2,4.0,326
2,4.0,325
2,4.0,324
2,4.0,323
2,4.0,322
2,4.0,321
2,4.0,320
2,4.0,319
2,4.0,318
2,4.0,317
2,4.0,316
2,4.0,315
2,4.0,314
2,4.0,313
2,4.0,312
2,4.0,311
2,4.0,310
2,4.0,309
2,4.0,308
2,4.0,307
2,4.0,306
2,4.0,305
2,4.0,304
2,4.0,303
2,4.0,302
2,4.0,301
2,4.0,300
2,4.0,299
2,4.0,298
2,4.0,297
2,4.0,296
2,4.0,295
2,4.0,294
2,4.0,293
2,4.0,292
2,4.0,291
2,4.0,290
2,4.0,289
2,4.0,288
2,4.0,287
2,4.0,286
2,4.0,285
2,4.0,284
2,4.0,283
2,4.0,282
2,4.0,281
2,4.0,280
2,4.0,279
2,4.0,278
2,4.0,277
2,4.0,276
2,4.0,275
2,4.0,274
2,4.0,273
2,4.0,272
2,4.0,271
2,4.0,270
2,4.0,269
2,4.0,268
2,4.0,267
2,4.0,266
2,4.0,265
2,4.0,264
2,4.0,263
2,4.0,262
2,4.0,261
2,4.0,260
2,4.0,259
2,4.0,258
2,4.0,257
2,4.0,256
2,4.0,255
2,4.0,254
2,4.0,253
2,4.0,252
2,4.0,251
2,4.0,250
2,4.0,249
2,4.0,248
2,4.0,247
2,4.0,246
2,4.0,245
2,4.0,244
2,4.0,243
2,4.0,242
2,4.0,241
2,4.0,240
2,4.0,239
2,4.0,238
2,4.0,237
2,4.0,236
2,4.0,235
2,4.0,234
2,4.0,233
2,4.0,232
2,4.0,231
2,4.0,230
2,4.0,229
2,4.0,228
2,4.0,227
2,4.0,226
2,4.0,225
2,4.0,224
2,4.0,223
2,4.0,222
2,4.0,221
2,4.0,220
2,4.0,219
2,4.0,218
2,4.0,217
2,4.0,216
2,4.0,215
2,4.0,214
2,4.0,213
2,4.0,212
2,4.0,211
2,4.0,210
2,4.0,209
2,4.0,208
2,4.0,207
2,4.0,206
2,4.0,205
2,4.0,204
2,4.0,203
2,4.0,202
2,4.0,201
2,4.0,200
2,4.0,199
2,4.0,198
2,4.0,197
2,4.0,196
2,4.0,195
2,4.0,194
2,4.0,193
2,4.0,192
2,4.0,191
2,4.0,190
2,4.0,189
2,4.0,188
2,4.0,187
2,4.0,186
2,4.0,185
2,4.0,184
2,4.0,183
2,4.0,182
2,4.0,181
2,4.0,180
2,4.0,179
2,4.0,178
2,4.0,177
2,4.0,176
2,4.0,175
2,4.0,174
2,4.0,173
2,4.0,172
2,4.0,171
2,4.0,170
2,4.0,169
2,4.0,168
2,4.0,167
2,4.0,166
2,4.0,165
2,4.0,164
2,4.0,163
2,4.0,162
2,4.0,161
2,4.0,160
3,4.4,159
3,4.4,158
3,4.4,157
3,4.4,156
3,4.4,155
3,4.4,154
3,4.4,153
3,4.4,152
3,4.4,151
3,4.4,150
3,4.4,149
3,4.4,148
3,4.4,147
3,4.4,146
3,4.4,145
3,4.4,144
3,4.4,143
3,4.4,142
3,4.4,141
3,4.4,140
3,4.4,139
3,4.4,138
3,4.4,137
3,4.4,136
3,4.4,135
3,4.4,134
3,4.4,133
3,4.4,132
3,4.4,131
3,4.4,130
3,4.4,129
3,4.4,128
3,4.4,127
3,4.4,126
3,4.4,125
3,4.4,124
3,4.4,123
3,4.4,122
3,4.4,121
3,4.4,120
3,4.4,119
3,4.4,118
3,4.4,117
3,4.4,116
3,4.4,115
3,4.4,114
3,4.4,113
3,4.4,112
3,4.4,111
3,4.4,110
3,4.4,109
3,4.4,108
3,4.4,107
3,4.4,106
3,4.4,105
3,4.4,104
3,4.4,103
3,4.4,102
3,4.4,101
3,4.4,100
3,4.4,99
3,4.4,98
3,4.4,97
3,4.4,96
3,4.4,95
3,4.4,94
3,4.4,93
3,4.4,92
3,4.4,91
3,4.4,90
3,4.4,89
3,4.4,88
3,4.4,87
3,4.4,86
3,4.4,85
3,4.4,84
3,4.4,83
3,4.4,82
3,4.4,81
3,4.4,80
3,4.4,79
3,4.4,78
3,4.4,77
3,4.4,76
3,4.4,75
3,4.4,74
3,4.4,73
3,4.4,72
3,4.4,71
3,4.4,70
3,4.4,69
3,4.4,68
3,4.4,67
3,4.4,66
3,4.4,65
3,4.4,64
3,4.4,63
3,4.4,62
3,4.4,61
3,4.4,60
3,4.4,59
3,4.4,58
3,4.4,57
3,4.4,56
3,4.4,55
3,4.4,54
3,4.4,53
3,4.4,52
3,4.4,51
3,4.4,50
3,4.4,49
3,4.4,48
3,4.4,47
3,4.4,46
3,4.4,45
3,4.4,44
3,4.4,43
3,4.4,42
3,4.4,41
3,4.4,40
3,4.4,39
3,4.4,38
3,4.4,37
3,4.4,36
3,4.4,35
3,4.4,34
3,4.4,33
3,4.4,32
3,4.4,31
3,4.4,30
3,4.4,29
3,4.4,28
3,4.4,27
3,4.4,26
3,4.4,25
3,4.4,24
3,4.4,23
3,4.4,22
3,4.4,21
3,4.4,20
3,4.4,19
3,4.4,18
3,4.4,17
3,4.4,16
3,4.4,15
3,4.4,14
3,4.4,13
3,4.4,12
3,4.4,11
3,4.4,10
3,4.4,9
3,4.4,8
3,4.4,7
3,4.4,6
3,4.4,5
3,4.4,4
3,4.4,3
3,4.4,2
3,4.4,1
